UP,30300103,1,6,동화중학교앞,44330,46050,45860,44430,44640,44580,44560
DOWN,30300103,1,6,탑립동,44560,44600,44760,44720,44750,44830,44610,44690,45400,44460,44350,45420,44370,44360,45430
UP,30300001,1,5,청벽산공원,42740,42720,42710,42700,42600,41350,41320,41290,41200,42110,42090,42140,42530,42560,42580,42971,81990,81220,82000,82010,82020,43360,43380,43420,43080,43100,43200,43230,44010,44020,44070,44240,44250,44200,44210,44230,44180,44170,44110,45850,44130,44300,44410,82050,81730,44540,44560,44670,46280,82310,82330,82350,82370
DOWN,30300001,1,5,충대농대종점,82370,82360,82340,82320,44680,44550,44530,81720,81930,44400,44290,44120,45840,44100,44160,44250,44200,44210,44230,44220,44060,46500,44040,44030,44000,43160,43140,43120,43090,43460,43430,43390,43370,81320,81290,81270,81230,81170,42940,42570,42550,42540,42130,42120,42100,41210,41330,41360,42610,42690,42730,42750
UP,30300100,1,1,신안동,40080,40100,40060,40030,40120,40220,33330,33370,33630,33070,30810,30640,30770,21680,21770,22040,22150,20600,20720,12460,11400
DOWN,30300100,1,1,원내동,11400,11180,10040,12440,20300,23370,21410,21380,21820,21750,21420,30760,30650,30870,33040,33560,46530,46520,40210,40110,40020,40070,40180,46340
UP,69690113,100,2,입암리마을회관종점,U8007118,U8007117,73720,73710,73320,73260,73240,73280,73010,73060,73090,73050,73960,73970,73140,73290,73430,73460,73500,73560,73590,73600,U8007104,U8007110,U8007111,73480,73440,U8007107,U8007108
DOWN,69690113,100,2,품안마을아파트,U8007108,U8007109,73450,73490,U8007105,U8007106,U8007112,73610,73580,73570,73510,73470,73820,73990,73130,73980,73950,73100,73800,73080,73810,73300,73250,73270,73310,73330,73740,73780,73730,U8007114,U8007113
UP,93000169,1000,7,홍익대학교,43980,034054,034010,060018,051052,051037,051008,051016,052017,053034,051088,051089,053044,051090,053048,053050,053007,053009,036140,036105,011058,011094,011085,011004,011002,011033,011104
DOWN,93000169,1000,7,반석역,011104,011049,011001,011098,011055,011095,011059,036104,036141,053010,053008,053051,053047,051080,053049,051081,053033,053035,052019,051017,051010,051036,051053,060019,034011,034053,43970
UP,30300128,1001,3,오송역,11410,14730,14590,14610,53400,53420,53440,53460,53480,53490,051120,051115,051112,051110,076070,051121,051048,051007,051015,052029,052033,052008,031056,031054,013012
DOWN,30300128,1001,3,대전역동광장,013012,031053,031055,052009,052036,052030,052018,051009,051049,051122,076080,051107,051111,051117,051119,53500,53470,53450,53430,53410,14620,14600,12370,14630
UP,30300129,1002,3,세종국책연구단지,42740,42720,42710,42700,42590,42070,41990,42260,46490,46440,45930,46230,46300,46210,46190,46170,43870,43890,43930,43940,43840,057015,51124,051108,051096,051100,051116,057019,057013,051095
DOWN,30300129,1002,3,충대농대,051095,051032,057012,051118,051101,051097,051109,51123,057016,43830,43920,43950,43880,43860,46160,46180,46200,46290,46220,46460,46450,46480,42270,42000,45280,46470,42690,42730,42750
UP,93000179,1004,7,장군면사무소,43980,051052,051038,051046,051044,051043,051041,051129,051127,051125,061022,061028,053034,053043,052043,051074,051075,051076,053014,053012,053010,053037,053021,053023,053025,053028,053030,053032,035072,035015,035018,035012,035082,035047
DOWN,93000179,1004,7,반석역,035047,035083,035011,035017,035064,035016,053031,053029,053027,053026,053024,053022,053036,053009,053011,053013,052020,052025,052047,051057,053035,061021,061023,051126,051128,051130,051040,051042,051045,051047,051039,051053,43970
UP,93000283,1005,7,은하수공원,43980,051052,051037,051034,061039,061033,061040,051125,061022,061028,053039,058011,053031,053027,053026,053022,053009,031065
DOWN,93000283,1005,7,반석역,031065,053010,053021,053025,053028,053032,058012,051099,061021,061023,061046,061041,061034,051131,051035,051036,051053,43970
UP,30300036,101,2,대성여고,43790,43760,46030,43810,43830,43920,43970,42380,42420,42460,42480,42400,42330,42220,42270,42000,45280,42600,41340,41370,32720,32750,31750,31900,31970,31020,31420,31450,30970,21330,21370,21400,22250,20600,20680,12460,11460,12350,12350
DOWN,30300036,101,2,안산동,12350,11970,12310,12370,12450,20300,20170,21240,21200,21190,21160,30980,31160,31120,31050,32100,32030,31910,31770,32760,32730,32690,41380,41330,41360,42590,42070,41990,42260,42250,42360,42410,42490,42450,42430,43990,43980,43940,43840,43820,43800,46040
UP,30300037,102,2,대전역,41650,41670,41690,41730,41740,41400,41420,41440,41460,41490,41190,41210,41330,41360,42620,41390,32740,34810,31920,32210,32600,32650,50040,50110,51280,53130,51370,51430,11750,11770,11740,11730,12010,11490,11520,11540,11560,11320,11310,11290,11280,11180,11390,10070,10040,14630,11410
DOWN,30300037,102,2,수통골,11410,10030,11380,11170,11210,11240,11300,11340,11590,11550,11530,11870,11830,11760,11780,11790,51420,51320,51260,50100,50030,32660,32510,32270,32870,34800,32770,45290,42680,42600,41350,41320,41180,41480,41450,41430,41410,41750,41710,41680,41660,41650
UP,30300038,103,2,동춘당,41650,41670,41690,41730,41740,41400,41420,41440,41460,41490,41560,45750,41590,41600,41250,41280,41370,32720,32750,31800,31830,31840,31880,31340,31670,31700,31480,31530,21470,21580,21290,21390,21400,22250,20600,20680,20040,12470,10030,11380,11170,11210,11240,11300,11340,11590,11580,11630,11650,51630,51640,51610,51040,50960,50960
DOWN,30300038,103,2,수통골,50960,50980,51060,51050,51600,51620,11690,11640,11610,11570,11560,11320,11310,11290,11280,11180,11390,10060,12450,20060,20300,20170,21240,21200,21190,21300,21550,21460,31540,31500,31710,31360,31350,31890,31870,31850,31770,32760,32730,32690,41380,41300,41240,41610,41580,41540,41570,41480,41450,41430,41410,41750,41710,41680,41660,41650
UP,30300039,104,2,탄방역,41650,41670,41690,41730,41740,41400,41420,41440,41460,41490,42020,42090,42150,42610,42690,42770,42840,42900,42920,43190,34710,32140,32920,32890,32880,31940,31930,32050,32220,32350,31110,31090,32260,31020,31080
DOWN,30300039,104,2,수통골,31080,31060,31050,31030,31130,32310,32190,32040,31990,32000,32900,32910,32950,32180,34720,42930,42910,42890,42830,42780,42760,42710,42700,42600,42160,42080,42010,41480,41450,41430,41410,41750,41710,41680,41660,41650
UP,30300040,105,2,비래삼호A,42740,42720,42710,42700,42600,41340,41370,32720,32750,31750,31900,31970,31020,31050,31030,31100,31140,31170,31210,31280,31290,32650,53470,53450,53430,50240,50340,53340,12120,12130,12140,11930,12010,11490,11520,11580,11630,11650,51630,51640,51610,51540,51560,51560
DOWN,30300040,105,2,충대농대,51560,11620,11690,11640,11610,11570,11550,11530,11870,11830,12150,12110,50360,50350,50230,53420,53440,53460,32660,32620,32610,31190,31180,31150,31090,32260,32100,32030,31910,31770,32760,32730,32690,41380,41330,41360,42610,42690,42730,42750
UP,30300041,106,2,비래동,33230,41810,45520,45890,45500,45700,41330,41360,42620,41390,35300,32780,32860,32880,31940,31930,32050,32220,32350,32410,32530,31300,31330,31260,20480,20520,12210,14720,14700,11930,12010,11490,11520,11580,11630,11650,51630,51640,51610,51580,51590,51590
DOWN,30300041,106,2,목원대,51590,51570,51600,51620,11690,11640,11610,11570,11550,11530,11870,11830,12140,14690,14710,12190,20510,20470,31270,31310,32590,32390,32310,32190,32040,31990,32000,32900,32840,32790,32770,45290,42680,42600,41350,41320,41260,45490,45880,45510,41800,33230
UP,30300042,107,2,동학사,11420,14230,20030,20010,20230,20130,20530,20410,20370,21170,21160,30980,31160,31120,31050,32100,32030,31910,31770,32760,32730,32690,41380,41290,41180,41480,41450,41430,41410,41700,42190,42180,71110,71080,71070,71050,71020,71010
DOWN,30300042,107,2,대전역,71010,71030,71040,71060,71090,71100,42170,42200,41720,41400,41420,41440,41460,41490,41190,41210,41270,41370,32720,32750,31750,31900,31970,31020,31420,31450,30970,21260,21180,20380,20400,20090,20140,20250,20280,20040,12460
UP,30300043,108,2,구도동,42750,42660,42630,42650,41390,35300,32780,32860,32930,32200,32450,32440,34760,32540,31240,31260,20480,20520,20140,20180,20210,20640,20690,20730,21040,21080,21130,20880,20890,20910,20930,20950,20970,20990,13610,13660,13680,13400,13430,13450,13420,13790,13820,13820
DOWN,30300043,108,2,충대농대,13820,13780,13410,13460,13440,13390,13690,13670,13650,13600,20980,20960,20940,20920,20900,20870,21110,21070,21060,20740,20710,20650,20630,20220,20200,20130,20510,20470,31270,31320,32580,32470,32480,32490,32240,32960,32940,32840,32790,32770,45290,42680,42640,42670,42740
UP,30300005,11,4,용계동,41650,41670,41690,41730,41740,41400,41420,41440,41460,41490,42040,41210,41220,41250,45490,45880,45510,41800,46120,41760,40410,40390,40380,45380,45360,33230,45350,45370,40380,40380
DOWN,30300005,11,4,수통골,40380,40400,40420,41770,46130,41810,45520,45890,45500,41240,41230,41200,42060,41480,41450,41430,41410,41750,41710,41680,41660,41650
UP,30300045,113,2,학하동종점,21660,30760,30730,30710,30690,30670,30260,30290,31460,31710,31360,31350,31890,31870,31850,31860,34800,32770,45290,42680,42600,41340,41290,41180,41480,41450,41430,41410,41750,41710,41680,45760,45820,45780,45950,45800,46550,46550
DOWN,30300045,113,2,서남부터미널,46550,45810,45960,45790,45830,45770,41690,41730,41740,41400,41420,41440,41460,41490,41190,41210,41330,41360,42620,41390,32740,34810,31820,31830,31840,31880,31340,31670,31700,31720,30320,30270,30250,30660,30680,30700,30750,30770,21680,21690,22370,21670
UP,30300046,114,2,노은휴먼시아4단지,40080,35540,33300,33340,33410,34970,33550,33610,33520,33500,33530,33600,33630,33010,34870,33060,33290,34880,34900,41920,45480,45640,45710,45730,45700,41330,41360,42590,42070,41990,42260,42250,42360,42410,42520,42450,42320,42310,45250,43880,43860,46160,46180,46200,46290,46220,45940,45930
DOWN,30300046,114,2,원내동,45930,46230,46300,46210,46190,46170,43870,43890,45240,42300,45970,46090,42510,42480,42400,42330,42220,42270,42000,45280,42600,41350,41320,41260,45740,45720,45470,41910,46540,34890,33280,33050,33100,33040,33000,33620,32990,33540,33490,33510,33590,33580,33570,34980,33400,33350,40230,40200,40180,46340
UP,30300047,115,2,오월드기점지,42740,42720,42710,42700,42600,41350,41320,41260,45490,45880,45510,41800,33250,35550,33260,34890,33280,33050,33100,33200,30810,30900,30910,30640,30720,30790,22320,22300,22280,22570,22550,22590,22630,22610,23380,23390,22740,23400,22650
DOWN,30300047,115,2,충대농대,22650,22620,22640,22600,22560,22580,22290,22310,30780,30740,30650,30490,30870,30800,34930,34870,33060,33290,34880,46510,41900,41820,41810,45520,45890,45500,45700,41330,41360,42610,42690,42730,42750
UP,30300048,116,2,월평주공,43790,43760,46030,43810,43830,43900,43930,43970,42380,43600,43620,43640,43630,43610,43590,42460,42480,42400,42330,42220,42270,42000,45280,42120,42080,42010,41190,41210,41270,41370,32720,32750,31750,31900,32080,32150,32960,32940,32840,32820,32820
DOWN,30300048,116,2,안산동,32820,32890,32930,32970,32130,32120,32060,31910,31770,32760,32730,32690,41380,41290,41180,42020,42090,42070,41990,42260,42250,42360,42410,42490,42450,43600,43620,43640,43630,43610,43590,42430,43990,43950,43910,43840,43820,43800,46040
UP,30300108,117,2,학하동종점,42740,42720,42710,42700,42600,41350,41290,41200,42110,42090,42070,46360,46380,46400,42560,42580,45440,43630,43610,43590,45530,42350,42330,42220,46070,41750,41710,41680,45760,45820,45780,45950,45800,46550,46550
DOWN,30300108,117,2,충대농대,46550,45810,45960,45790,45830,45770,41690,41730,41740,46080,42250,42360,42370,45540,43600,43620,43640,45230,42570,42550,42540,46390,46370,45280,42120,42100,41210,41330,41360,42610,42690,42730,42750
UP,30300049,119,2,효동네거리,43790,43760,46030,43810,43830,43900,45240,42300,42380,42420,42460,42500,42280,42000,45280,42600,41340,41370,32720,32750,31800,31760,31780,31730,31560,31580,31610,31640,30280,30320,30270,30250,30660,30680,30700,30750,30770,21680,21720,21770,21840,22040,22150,22230,21010,20560,21020,21030,21040,21080,20840,20860,10180
DOWN,30300049,119,2,안산동,10180,10130,20830,21050,23260,20670,20540,21000,21410,21380,21820,21750,21420,30760,30730,30710,30690,30670,30260,30290,30300,31650,31630,31590,31570,31740,34820,31810,31790,31770,32760,32730,32690,41380,41330,41360,42590,42070,41990,42290,42490,42450,42320,42310,45250,43910,43840,43820,43800,46040
UP,30300050,121,2,대덕대학,44330,44320,44400,44290,44120,45840,44100,44160,44190,44220,44060,46500,44050,46100,44270,44260,43330,43280,43260,43250,42930,42910,42890,42830,42780,42760,42710,42700,42600,41340,41290,41180,41480,41450,42240,42250,42360,42370,45540,43600,43620,43640,45230,42970,43010,43020,43070,43400,43460,43420,43420
DOWN,30300050,121,2,탑립동,43420,43410,43060,43030,43000,42940,45440,43630,43610,43590,45530,42350,42330,42220,42210,41460,41490,41190,41210,41330,41360,42610,42690,42770,42840,42900,42920,43190,43240,43270,43320,45900,44280,46110,44070,44240,44180,44170,44110,45850,44130,44300,44410,44310
UP,30300002,2,1,옥계동,44490,44790,44780,44730,44710,44740,44850,51830,51860,51750,51700,52790,51720,52330,52270,50800,50720,51140,51410,51440,11810,11830,11970,12390,20060,20790,21090,21130,20890,20930,10400,20980,20980
DOWN,30300002,2,1,봉산동,20980,20940,20900,21120,21100,20800,20050,12400,11980,12010,11820,51450,51180,51150,50730,50810,52260,52340,52830,52810,51710,51740,51800,51790,44840,44760,44720,44810,44800
UP,30300136,200,2,대전역동광장,35370,33720,33830,35510,35380,34510,34540,33190,33140,33200,30810,30900,30910,30640,30750,30770,21680,21720,21770,21840,22040,22150,22250,20600,20720,12470,10030,11380,11170,11470,14630
DOWN,30300136,200,2,기성동기점지,14630,11410,11400,11180,11390,10040,12450,20300,23370,21240,21410,21380,21820,21750,21420,30760,30730,30650,30490,30870,30800,33120,33180,33220,34530,34500,35390,35510,33820,33710,33700,35370
UP,69690116,2002,9,신도안아파트,11420,12350,11970,12310,12370,14230,23250,20300,23370,21240,21410,21380,21820,21420,30760,30730,30650,30870,33040,33560,33440,46530,46520,40230,40200,40180,41160,41090,41050,41030,41010,40990,73850,73580,73570,73510,73470,73820,73990,73130,73980,73950,73100,73800,73080,73810,73300,73250,73270,73310,73330,73630,73680,73720
DOWN,69690116,2002,9,대전역동광장,73720,73710,73700,73670,73620,73320,73260,73240,73280,73010,73060,73090,73050,73960,73970,73140,73290,73430,73460,73500,73560,73590,73840,40980,41020,41040,41060,41070,41080,41170,35540,34860,33330,33370,33470,33630,33070,30810,30640,30750,30770,21680,21840,22040,22150,22250,20600,20040,12430,12400,12320,11990,12360,11420
UP,30300051,201,2,비래동,40080,40100,40060,40030,40120,40220,33300,33340,33410,34970,33550,33610,33520,33500,33530,33600,33630,33010,33070,33200,30810,30900,30910,30640,30750,30770,21680,21720,21770,21840,22040,22150,22250,20600,20720,20050,12430,12400,12320,12340,11980,11950,12010,11490,51010,51500,53070,53220,53220
DOWN,30300051,201,2,원내동,53220,51020,51000,11870,11830,11940,11960,11970,12310,12370,14230,23250,20300,20170,21240,21410,21380,21820,21750,21420,30760,30730,30650,30490,30870,30800,33040,33000,33620,32990,33540,33490,33510,33590,33580,33570,34980,33400,33350,33310,40210,40110,40020,40070,40180,46340
UP,30300052,202,2,신도안,U9005548,11460,12350,11970,12310,12370,14230,20300,23370,21240,21410,21380,21820,21750,21420,30760,30730,30650,30490,30870,30800,33040,33000,33560,33440,46530,46520,40230,40200,40180,41160,41090,41050,41030,41010,40990,73850,73580,73570,73510,73470,73820,73990,73130,73980,73950,73100,73800,73080,73810,73300,73250,73270,73310,73330,73630,73680,73720,73720
DOWN,30300052,202,2,대전역,73720,73710,73700,73670,73620,73320,73260,73240,73280,73010,73060,73090,73050,73960,73970,73140,73290,73430,73460,73500,73560,73590,73840,40980,41020,41040,41060,41070,41080,41170,35540,34860,33330,33370,33470,33630,33010,33070,33200,30810,30900,30910,30640,30750,30770,21680,21720,21770,21840,22040,22150,22250,20600,20720,12430,12400,12320,12340,11990,12360,11450
UP,30300131,203,2,시청,40080,35540,33300,33340,35310,35520,35210,35230,35250,33610,32990,35330,33290,34880,35350,31620,34960,31960,32080,32150,32210,32330,32340
DOWN,30300131,203,2,원내동,32340,32310,32300,32270,32130,32120,32060,31950,31600,31590,35360,34890,33280,35340,33600,33590,33580,35260,35240,35220,35270,35530,35320,33350,40230,40200,40180,46340
UP,30300006,21,4,벌곡면대덕리,21660,30760,30730,30650,30490,30870,30800,33020,33080,33130,33170,33220,34530,34500,34520,34490,34460,33790,33730,33820,33710,34050,34000,33960,33940,33920,34270,34260,35080,34340,72260,72230,72220,72190,72290,72170,72150,5649,72110,5177,72090,72060,72030,72010,72070,72140,72360,72310,72330,72350
DOWN,30300006,21,4,서남부터미널,72350,72340,72320,72360,72130,72080,72020,72040,72050,72100,5176,72120,5648,72160,72180,72300,72200,72210,72240,72250,34350,35090,34250,34280,33930,33950,33970,34010,34040,33720,33830,33740,33800,34470,34480,34550,34510,34540,33160,33150,33090,33030,33070,33200,30810,30900,30910,30640,30750,30770,21680,21690,22370,21670
UP,30300053,211,2,정부청사,40320,40320,45300,40330,40310,40240,40130,40090,40040,45460,40120,40220,33300,33340,33390,33420,33460,33470,33630,33010,33070,33200,30810,30900,30910,30640,30710,30690,30670,30260,30290,31460,31490,31520,30920,31160,31120,31050,32100,32080,32150,32160,32200,32290,32290
DOWN,30300053,211,2,화물터미널,32290,32270,32130,32120,32070,31970,31020,31420,31450,30950,30930,31550,31510,31720,30320,30270,30250,30660,30680,30700,30650,30490,30870,30800,33040,33000,33560,33480,33450,33430,33380,33350,33310,40210,40110,40010,40050,40140,40150,40250,40300,40340,45310
UP,30300127,212,2,가수원역,40320,40320,45300,40330,40310,40350,40240,40130,40090,40040,45460,40120,40220,33300,35280,35560,35520,35210,35230,35250,33610,33630,33010,33070,33120,33180,33190
DOWN,30300127,212,2,화물터미널,33190,33040,33000,33590,33580,35260,35240,35220,35270,35530,35570,35290,33310,40210,40110,40010,40050,40140,40150,40350,40250,40300,40340,45310
UP,30300101,216,2,시청,40080,40100,40060,40030,40120,40220,33300,33340,33390,33420,33460,33470,33630,33010,33070,33200,30810,30900,34750,30060,30040,30010,35150,30390,30480,30450,30430,30190,30210,31620,34960,31960,32080,32150,32210,32330,32340,32340
DOWN,30300101,216,2,원내동,32340,32310,32300,32270,32130,32120,32060,31950,31600,30200,30180,30420,30410,30440,30470,30380,35160,30020,30070,30870,30800,33040,33000,33560,33480,33450,33430,33380,33350,33310,40210,40110,40020,40070,40180,46340
UP,30300007,22,4,장안동종점,35370,33710,33700,33750,33770,34100,34090,34060,34110,34220,34210,34160,34140,35030,35010,34990,34130
DOWN,30300007,22,4,기성동기점지,34130,35000,35020,35040,34150,34170,34200,34230,34120,34070,34080,33810,33780,33760,33700,33720,35370
UP,30300008,23,4,원정동종점,35370,33710,34050,34020,33980,34940,33910,34390,34380,35400,35420,35430
DOWN,30300008,23,4,기성동기점지,35430,34360,35410,34370,34400,33890,35490,33990,34030,34040,33720,35370
UP,30300009,24,4,우명동,35370,33710,34050,34000,33960,33940,33920,34270,34260,35080,34340,72260,34330,34310,35170,35070,34290
DOWN,30300009,24,4,기성동기점지,34290,35060,35180,34300,34320,72250,34350,35090,34250,34280,33930,33950,33970,34010,34040,33720,35370
UP,30300010,25,4,봉곡동,35370,33710,33690,33670,33650,34450,34430,34410
DOWN,30300010,25,4,기성동기점지,34410,34420,34440,33640,33660,33680,33720,35370
UP,30300011,26,4,평촌동종점,35370,33710,34050,34000,33960,33940,33880,33860,34240
DOWN,30300011,26,4,기성동기점지,34240,33870,33900,33950,33970,34010,34040,33720,35370
UP,30300012,27,4,흑석,21660,30760,30730,30650,30490,30830,30860,30850,35100,30820,34600,34580,34560,34620,34650,35190,33840,33820,33710,33700,33700
DOWN,30300012,27,4,서남부터미널,33700,33720,33830,33850,35200,34640,34630,34570,34590,34610,30890,30880,30840,30900,30910,30640,30750,30770,21680,21690,22370,21670
UP,30300104,3,1,정부청사,40080,35540,34860,33330,33370,33630,34870,33060,33290,34880,34900,41920,45480,46310,45660,32750,31750,31900,32080,32160,32290,32290
DOWN,30300104,3,1,급/원내동,32290,32270,32120,32060,31910,31770,32760,32730,45670,45650,45470,41910,46540,34890,33280,33050,33100,33040,33560,46530,46520,40230,40200,40180,46340
UP,30300003,3,5,한아름아파트,82210,82070,81680,43730,43720,46560,43670,43700,42980,42950,42940,42570,42550,42540,42130,42120,42080,42010,82080,41190,41210,41220,41610,41580,41520,41500,82380,82400,82420,82440,45800,45810,82590,82460,82480,40450,40430,40490,40360,40260,40280,45300,40330,82110,40240,40130,40090,40040,45460,40120,82130,40160,45620,45610
DOWN,30300003,3,5,군인아파트,45610,40170,80040,40110,40010,40050,40140,40150,40250,40300,40340,45310,40320,40290,40270,40370,40500,40440,40460,40480,82490,82470,45950,45800,45810,82450,82430,82410,82390,46240,41510,41530,41590,41600,82160,41180,82170,42020,42090,42140,42530,42560,42580,42960,42990,43710,82600,82610,82180,82190,82200,82070,82210
UP,30300013,30,4,대전역동광장,U8003109,13780,13410,13460,13440,13390,13690,13540,13520,13490,14440,14150,14510,13760,13740,13720,13700,23110,23100,23080,22980,22900,22890,22830,22810,22870,22850,22770,23580,23600,22790,23610,23590,23500,22620,22640,22600,22560,22580,22290,22340,22400,21850,21890,21960,22000,22140,22220,21000,22250,20550,20610,20700,20770,20820,10070,10040,14630,11410
DOWN,30300013,30,4,낭월차고지,11410,11400,11180,11390,10070,10040,12450,20290,20170,22230,21010,22210,22130,21990,21950,21880,21860,22410,22330,22280,22570,22550,22590,22630,22610,23490,23580,23600,22790,23610,23590,22760,22840,22860,22800,22820,22880,22960,22970,23070,23090,23620,13710,13730,13750,13770,14500,14160,14450,13500,13510,13530,13680,13400,13430,13450,13420,13790,13820
UP,69690115,300,2,무상사종점,U8007125,U8007200,U8007201,U8007373,73380,73360,73370,U8007374,U8007206,U8007207,73570,73510,73470,73820,73990,73130,73980,73950,73100,73800,73080,73810,73300,73250,73270,77380,77410,U8007129,U8007130,U8007134,U8007135
DOWN,69690115,300,2,두마면사무소,U8007135,U8007136,U8007131,U8007132,77180,77190,77200,U8007121,U8007120,73150,77130,77140,77150,U8007137,U8007138,77400,77390,73260,73240,73280,73010,73060,73090,73050,73960,73970,73140,73290,73430,73460,73500,U9007125
UP,30300054,301,2,오월드기점지,44490,44480,45330,44790,44780,44730,44710,44740,44590,44550,44530,44520,43540,43530,46260,46020,43500,43160,43150,43110,43210,34710,32980,32970,32130,32120,32060,31950,31600,30200,30180,30420,30410,30440,30470,30380,35160,30050,30140,22260,22280,22570,22550,22590,22630,22610,23380,23390,22740,23400
DOWN,30300054,301,2,봉산동,23400,22650,22620,22640,22600,22560,22580,22290,22270,30130,30030,35150,30390,30480,30450,30430,30190,30210,31620,34960,31960,32080,32150,32160,32170,34720,43220,43170,43180,43200,43510,46010,46270,43520,43560,43550,44510,44540,44560,44600,44760,44720,44750,44810,44800,45340,44500,44490
UP,30300014,31,4,원동네거리,21660,21680,21690,22370,22320,22300,22280,22570,22550,22590,22630,22610,23490,22760,22840,22860,23650,22910,23660,22800,22820,22880,22960,22970,23070,23090,23620,13710,13730,13750,13770,14500,14160,14450,13500,13510,13670,13650,13630,13570,10410,10340,10320,10300,10280,10260,10230,10180,10130,10090,10060,20060,20760,20820
DOWN,30300014,31,4,서남부터미널,20820,10080,10100,10110,10170,10240,10250,10270,10310,10330,10350,10400,13590,13620,13640,13660,13520,13490,14440,14150,14510,13760,13740,13720,13700,23110,23100,23080,22980,22900,22890,22830,22810,23650,22910,23660,22870,22850,22770,23500,22620,22640,22600,22560,22580,22290,22310,21670
UP,30300055,311,2,오월드기점지,53250,53260,50800,50790,50740,50710,50720,51130,51200,51240,50920,50950,51050,51600,51620,11690,11640,11670,11700,11660,11600,11320,11310,11290,11280,11180,11390,10070,10040,12440,20310,20640,20570,21240,21410,22020,22070,21990,21930,21980,22060,22010,21910,22440,22330,22280,22570,22550,22590,22630,22610,23380,23390,22740,23400
DOWN,30300055,311,2,신대차고지,23400,22650,22620,22640,22600,22560,22580,22290,22340,22420,21920,22030,22050,21970,21940,21960,22000,22080,22040,22150,22250,20550,20650,20630,20040,12470,10030,11380,11170,11210,11240,11300,11340,11330,11370,11710,11680,11650,51630,51640,51610,51040,50960,50910,51220,51190,51150,50730,50770,53170,50750,50760,50810,53270,53250
UP,30300056,312,2,효문화마을,33230,41810,45520,45890,45500,41240,41610,41580,41540,41570,41190,41210,41270,41370,32720,32750,31800,31760,31780,31730,31560,31580,30200,30180,30420,30410,30610,30680,30700,30720,30790,22320,22300,22270,30110,30100,34850,22510,22500,22460,22720,22480,22540,22490,22450
DOWN,30300056,312,2,목원대학교,22450,22470,22520,22530,30150,30120,34920,30140,22260,22310,30780,30740,30710,30690,30630,30500,30450,30430,30190,30210,31590,31570,31740,34820,31810,31790,31770,32760,32730,32690,41380,41290,41180,41560,45750,41590,41600,41250,45490,45880,45510,41800,33230
UP,30300057,313,2,효문화마을,12670,10860,10840,10830,10780,10760,10680,10660,10640,10600,10140,10090,10060,12440,20310,20640,20690,20730,20670,20540,22210,22130,21990,21950,21880,21860,22410,22330,22280,22570,22550,22500,22460,22680,22670,22660,22690,22720,22480,22540,22490,22450
DOWN,30300057,313,2,대전동신과학고,22450,22470,22520,22560,22580,22290,22340,22400,21850,21890,21960,22000,22140,22220,20560,21020,20740,20710,20650,20630,20040,12470,10030,10080,10120,10150,10610,10630,10650,10670,10740,10800,10850,10870
UP,30300058,314,2,동춘당,23400,22650,22620,22640,22600,22530,30150,23170,30090,30120,34920,30140,22260,22310,22380,22430,21870,21810,21840,22040,22150,22250,20600,20660,20070,12400,12330,11920,14590,14610,53400,50240,50340,53340,12120,11720,51400,51460,50940,50960,50960
DOWN,30300058,314,2,오월드,50960,50980,51060,50930,51470,51420,51390,50370,12110,50360,50350,50230,53410,14620,14600,12310,12390,12420,20030,20290,20170,21240,21410,21380,21790,21830,21730,22390,22320,22300,22270,30110,30100,30080,23160,34850,22510,22590,22630,22610,23380,23390
UP,30300059,315,2,향촌아파트,23400,22650,22620,22640,22600,22560,22580,22290,22340,22400,21850,21890,21960,22000,22140,22220,21000,21200,21190,21160,30980,31160,31120,31050,32100,32080,32150,32960,32940,32880,32010,32010
DOWN,30300059,315,2,오월드,32010,32130,32120,32070,31970,31020,31420,31450,30970,21260,21370,21400,22230,21010,22210,22130,21990,21950,21880,21860,22410,22330,22280,22570,22550,22590,22630,22610,23380,23390
UP,30300060,316,2,한빛고교,50710,50690,50670,50640,50500,50490,50460,50420,50390,50400,50440,50530,50540,50580,50290,50150,50140,50170,53420,53440,53460,32660,32620,32590,32390,32310,32190,32070,31970,31020,31420,31450,30950,30930,31550,31480,31530,21470,21480,21450,21690,22370,22320,22300,22270,30110,30100,30080,23160,34850,22510,22500,22460,22680,22670,22660
DOWN,30300060,316,2,대한통운,22660,22690,22470,22520,22530,30150,23170,30090,30120,34920,30140,22260,22310,22360,21700,21710,21490,21460,31540,31500,31490,31520,30920,31160,31120,31050,32100,32080,32220,32350,32410,32530,31290,32650,53470,53450,53430,50190,50160,50180,50300,50560,50550,50480,50430,50410,50380,50450,50470,50520,50510,50630,50680,50700,U8003108
UP,30300061,317,2,대전역동광장,11420,10010,11380,11170,11470,11460,12350,11970,12290,12260,12240,12190,20530,20410,20370,21170,21300,21520,21500,21450,21720,21770,21840,22020,22070,22090,22100,22170,22190,22220,20590,20650,20630,20720,20070,12460,14630,11410
DOWN,30300061,317,2,대전역동광장,11410,12450,20060,20310,20640,20580,20540,22210,22180,22160,22110,22120,22080,21820,21750,21710,21740,21530,21580,21290,21180,20380,20400,20090,12210,12230,12250,12300,12340,11990,12360,11450,11400,11180,11390,10070,10040
UP,30300062,318,2,대덕대학,23400,22650,22620,22640,22600,22560,22580,22290,22310,22380,22430,21870,21810,21780,21800,21650,21630,21610,30980,31160,31120,31050,32100,32080,32150,32160,32180,34720,43220,43170,43180,43140,43120,43090,43460,43420,43420
DOWN,30300062,318,2,오월드,43420,43080,43100,43130,43150,43110,43210,34710,32980,32970,32130,32120,32070,31970,31020,31420,31450,30970,21600,21620,21640,21590,21760,21790,21830,21730,22390,22320,22300,22280,22570,22550,22590,22630,22610,23380,23390
UP,30300015,32,4,백암리,21660,21680,21690,22370,22320,22300,22280,22570,22550,22590,22630,22610,23490,22760,22840,22860,23650,22910,23660,22800,22820,22880,22960,22940,22990,23030,23050,23010,74480,74480
DOWN,30300015,32,4,서남부터미널,74480,23020,23060,23040,23000,22950,22900,22890,22830,22810,23650,22910,23660,22870,22850,22770,23500,22620,22640,22600,22560,22580,22290,22310,21670
UP,30300097,33,4,구완동,11420,10030,10020,20810,20750,20620,20570,21240,21410,22020,22070,21990,21830,21730,22390,22320,22300,22340,22420,23480,23460,23440,23630,23420,23400,22650,23490,22760,23530,23550,23570,22780
DOWN,30300097,33,4,대전역동광장종점,22780,3065,23560,23540,22770,23500,23380,23390,23410,23630,23430,23450,23470,22440,22330,22310,22380,22430,21870,21900,22000,22080,22040,22150,22250,20550,20610,20700,20770,20820,10070,10040,11420
UP,30300016,34,4,진산면,21660,21680,21690,22370,22320,22300,22280,22570,22550,22500,22460,22680,22670,22700,23520,74170,74230,74110,74070,74090,74010,74030,74050,74130,74140,74190,74240,74300,74270,74320,74340,74210,74370,74380,74400,74420,74440,74460,74550,74590,74570,74610,74630,74650,74680,74690,74700,74700
DOWN,30300016,34,4,서남부터미널,74700,3061,3059,74650,74640,74620,74580,74600,74560,74470,74450,74430,74410,74390,74360,74220,74350,74330,74280,74310,74260,74200,74160,74150,74060,74040,74020,74100,74080,74120,74250,74180,22730,22710,22660,22690,22470,22520,22560,22580,22290,22310,21670
UP,30300017,41,4,성북동,21660,30760,30730,30650,30490,30870,30800,33040,33000,33560,33480,33440,46530,46520,40210,40110,40020,40070,40180,41140,41130,41110,40620,40600,40580,40560,40520,46410,40790,U9002017
DOWN,30300017,41,4,서남부터미널,U9002017,40800,40510,40550,40570,40590,40610,41100,41120,41150,40100,40060,40030,40120,40220,33330,33370,33470,33630,33010,33070,33200,30810,30900,30910,30640,30750,30770,21680,21690,22370,21670
UP,30300018,42,4,세동,21660,30760,30730,30650,30490,30870,30800,33040,33000,33560,33480,33440,46530,46520,40210,40110,40020,40070,40180,41160,41090,41050,41030,41010,40980,40950,40970,40780,40760,40720,40750,40680,40700,40660,45990,40640,40640
DOWN,30300018,42,4,서남부터미널,40640,46000,40650,40690,40670,40730,40710,40740,40770,40960,40940,45980,41020,41040,41060,41070,41080,41170,40100,40060,40030,40120,40220,33330,33370,33470,33630,33010,33070,33200,30810,30900,30910,30640,30750,30770,21680,21690,22370,21670
UP,69690109,43,9,입암리마을회관종점,21660,30760,30730,30650,30490,30870,30800,33040,33000,33560,33480,33440,46530,46520,40210,40110,40020,40070,40180,41160,41090,41050,41030,41010,40990,73850,73600,U8007104,U8007110,U8007111,73480,73440,U8007107,U8007108
DOWN,69690109,43,9,서부터미널,U8007108,U8007109,73450,73490,U8007105,U8007106,U8007112,73610,73840,40980,41020,41040,41060,41070,41080,41170,40100,40060,40030,40120,40220,33330,33370,33470,33630,33010,33070,33200,30810,30900,30910,30640,30750,30770,21680,21690,22370,21670
UP,69690110,45,9,도곡2리,32990,33540,33490,33510,33590,33580,33570,34980,33400,33350,33310,40210,40110,40020,40070,40180,41160,41090,41050,41030,41010,40990,73850,73580,73570,73510,73470,73820,73990,73130,73980,73950,73100,73800,73080,73810,73300,73250,73270,77380,77410,U8007331,77540,77100,73220,77110,73220,73200,73180,73880,73890,73900,73910,73920,3115,73150,77350
DOWN,69690110,45,9,건양대병원,77350,73150,77130,77140,77150,77160,77180,77190,77200,73210,73230,73230,77550,U8007332,77400,77390,73260,73240,73280,73010,73060,73090,73050,73960,73970,73140,73290,73430,73460,73500,73560,73590,73840,40980,41020,41040,41060,41070,41080,41170,40100,40060,40030,40120,40220,33300,33340,33410,34970,33550,33610
UP,30300021,46,4,송정동,21660,30760,30730,30650,30490,30870,30800,33040,33000,33560,33480,33440,46530,46520,40210,40110,40020,40070,40180,41160,41090,41050,41030,41010,40980,40930,40900,40880,40870,77660,73630,73680,73720,73710,40810,46320,40830,40840
DOWN,30300021,46,4,서남부터미널,40840,46330,40820,73740,73780,73690,73620,73340,40860,40890,40910,40920,45980,41020,41040,41060,41070,41080,41170,40100,40060,40030,40120,40220,33330,33370,33470,33630,33010,33070,33200,30810,30900,30910,30640,30750,30770,21680,21690,22370,21670
UP,69690111,47,9,농소리,32990,33540,33490,33510,33590,33580,33570,34980,33400,33350,33310,40210,40110,40020,40070,40180,41160,41090,41050,41030,41010,40990,73850,73580,73570,73510,73470,73820,73990,73130,73980,73950,73100,73800,77220,U8007373,73380,73360
DOWN,69690111,47,9,건양대병원,73360,73370,U8007374,77210,73090,73050,73960,73970,73140,73290,73430,73460,73500,73560,73590,73840,40980,41020,41040,41060,41070,41080,41170,40100,40060,40030,40120,40220,33300,33340,33410,34970,33550,33610
UP,69690112,48,9,두마면사무소앞,42750,42660,42630,42600,41350,41320,41290,41180,41480,41450,41430,41410,41700,42190,42180,71110,71080,71070,71130,71150,71170,73760,U8007198,73660,73630,73680,73720,73710,73320,73260,73240,73280,73010,73060,73090,73050,73960,73970,73140,73290,73430,73460,73500,73560,U8007125
DOWN,69690112,48,9,충대농대,U8007125,U8007200,U8007201,73980,73950,73100,73800,73080,73810,73300,73250,73270,73310,73330,73740,73780,73730,73690,73640,73650,U8007199,73750,71160,71180,71140,71060,71090,71100,42170,42200,41720,41400,41420,41440,41460,41490,41190,41210,41330,41360,42610,42640,42670,42740
UP,30300004,5,5,목련아파트,44490,44480,82510,82530,82550,44790,44780,44730,44710,44740,82220,82230,43540,43530,46260,46020,43500,43160,43150,43110,43210,42930,42910,42890,42830,42780,42760,42710,42700,42600,41350,41320,41290,41180,80550,80480,80470,80460,41500,82570,82240
DOWN,30300004,5,5,봉산동,82240,80470,80460,41500,82570,82240,82260,82270,41190,41210,41330,41360,42610,42690,42770,42840,42900,42920,43220,43170,43180,43200,43510,46010,46270,43520,43560,43550,82280,82290,44760,44720,44750,44810,44770,45590,82540,82520,44500,44490
UP,30300063,501,2,마전,51590,51570,51540,51510,51020,51000,11870,11830,11940,11960,11970,12310,12390,10050,10080,10100,10110,10170,20850,21130,20880,20890,20910,20930,20950,20970,20990,13610,13660,13680,13400,13430,13450,13800,13920,13900,13880,13860,13840,13980,13970,13950,14090,14050,14030,14020,14000,14080,14110,74800,74510,74490,74500,74530,74670,74540,74660
DOWN,30300063,501,2,비래동,74660,74520,74760,74770,74780,74790,14120,14070,14010,14260,14040,14060,14100,13940,13960,13990,13850,13870,13890,13910,13930,13810,13460,13440,13390,13690,13670,13650,13600,20980,20960,20940,20920,20900,20870,20840,20860,10180,10130,10090,10070,10040,12380,12320,12340,11980,11950,12010,11490,51010,51500,53070,51550,51580
UP,30300064,511,2,중촌주공2,U8003109,13780,13410,13460,13440,13390,13690,13670,13650,13630,13570,10410,10340,10320,10300,10280,10260,10230,10180,10130,10090,10070,10040,12450,23250,20270,20220,20200,20100,20500,20460,20430,23680,20490
DOWN,30300064,511,2,낭월공영차고지,20490,23510,20450,20360,20420,20110,20180,20210,20680,20050,12470,10030,10080,10100,10110,10170,10240,10250,10270,10310,10330,10350,10400,13590,13620,13660,13680,13400,13430,13450,13420,13790,13820
UP,30300065,512,2,구도동,50710,50690,50670,50650,50590,50580,50270,50200,50260,50320,12070,12080,14600,12310,12370,10010,11380,11200,10590,10570,10550,14170,14180,14200,10270,14360,14350,14130,10460,13590,13620,13660,13680,13400,13430,13450,13420,13790,14640
DOWN,30300065,512,2,대한통운,14640,14650,13780,13410,13460,13440,13390,13690,13670,13650,13630,13570,10480,14140,14340,10300,10280,14210,14190,10220,10560,10580,11250,11230,11180,11390,10060,14270,12400,12330,11920,14590,12090,12060,50330,50250,50210,50300,50570,50600,50660,50680,50700,U8003108
UP,30300066,513,2,검바위,U8003109,13780,13410,13460,13440,13390,13690,13670,13650,13600,20980,20960,20940,20920,20900,20870,21120,21100,20800,20750,20620,20570,21240,21410,22020,22070,21990,21830,21730,22390,22320,22300,22280,22570,22550,22500,22460,22680,22670,22710,22660
DOWN,30300066,513,2,낭월차고지,22660,22690,22470,22520,22560,22580,22290,22310,22380,22430,21870,21900,22000,22080,22040,22150,22250,20550,20610,20700,20770,20790,21090,21130,20880,20890,20910,20930,20950,20970,20990,13610,13660,13680,13400,13430,13450,13420,13790,13820
UP,30300067,514,2,만년동,U8003109,13780,13410,13460,13440,13390,13690,13670,13650,13630,13570,10410,10450,14140,10500,10520,10730,10440,10390,10680,10660,10640,10600,10140,10090,10070,10040,12440,20030,20010,20230,20130,20510,20470,31270,31320,31280,31290,32570,32400,32320,32090,32020,32900,32840,32820,32950,32180,34680,34670
DOWN,30300067,514,2,낭월차고지,34670,34710,32140,32920,32830,32860,32880,32010,32110,32330,32420,32550,32620,32610,31240,31260,20480,20520,20140,20250,20280,20050,12470,10030,10080,10120,10150,10610,10630,10650,10670,10380,10420,10470,10510,10490,14130,10430,10400,13590,13620,13660,13680,13400,13430,13450,13420,13790,13820
UP,30300025,52,4,상소룡골,11420,10030,10020,20810,20790,21090,21130,20880,20890,20910,14360,14350,10360,10350,10400,13590,13620,13640,13660,13540,13520,13480,14660,14300,14290,13560,13560,14310,14670,13470,13510,13530,13680,13400,13430,13450,13800,13920,13900,13880,13860,13830,14320,14320
DOWN,30300025,52,4,대전역동광장,14320,14330,13870,13890,13910,13930,13810,13460,13440,13390,13690,13540,13520,13480,14660,14290,13560,14670,13470,13510,13530,13670,13650,13630,13570,10410,10340,10370,14340,10290,20920,20900,20870,21120,21100,20800,20820,10070,10040
UP,30300026,60,4,직동종점,11420,11460,12350,11970,12310,12370,10030,10080,10120,10150,10610,10630,10650,10670,10740,10800,10850,10870,12690,12730,12720,12650,12790,12810,12830,12610,12590,12520,12510,12540,12580,12560,12630,12850,12880,14460,12910,12930,12950,12960,12960
DOWN,30300026,60,4,대전역,12960,12940,12920,12900,14470,12870,12840,12620,12550,12590,12520,12510,12540,12570,12600,12820,12800,12780,12640,12700,12710,12670,10860,10840,10830,10780,10760,10680,10660,10640,10600,10140,10090,10070,10040,12380,12320,12340,11990,12360,11450,11420
UP,30300068,601,2,대전역사박물관,51590,51570,51540,51510,51020,51000,11870,11830,12140,14690,14710,12190,20530,20410,20370,21170,21300,21550,21460,34840,31470,30300,31650,31630,31590,46510,41900,41820,46120,46350
DOWN,30300068,601,2,비래동,46350,46130,33250,35550,33260,31580,31610,31640,30280,30360,34830,21470,21580,21290,21180,20380,20400,20090,12210,14720,14700,11930,12010,11490,51010,51500,53070,51550,51580
UP,30300069,602,2,월평주공,51590,51570,51540,51510,51020,51000,11870,11830,12140,14690,14710,12190,20510,20470,31250,31220,31200,31160,31430,31400,31370,31360,31350,31890,31870,31850,31860,32810,32820,32820
DOWN,30300069,602,2,비래동,32820,32890,32840,32800,31820,31830,31840,31880,31340,31670,31380,31390,31440,31450,30990,31230,31010,20480,20520,12210,14720,14700,11930,12010,11490,51010,51500,53070,51550,51580
UP,30300070,603,2,대전대학교,33230,33250,35550,33260,31580,30200,30180,35050,30220,31660,31690,31380,31390,31550,31480,31530,21470,21480,21740,21800,21650,21320,21390,21220,20080,20150,20210,20660,20050,12460,10010,11380,11200,11260,10890,10940,11000,11030,11090,11050,11040,11060,11080,10750,10700,10740,10810,11120,11160,11150,14250,11100
DOWN,30300070,603,2,목원대학교,11100,11130,11140,11110,10790,10780,10760,10690,10720,10770,11070,11020,10960,10920,10900,11270,11230,11180,11390,10070,10040,23250,20270,20220,23190,20120,21230,21210,21310,21640,21590,21500,21490,21460,31540,31500,31490,31520,31410,31370,31680,30230,30460,30190,30210,31590,46510,41900,33230
UP,30300071,604,2,신흥동,43700,43360,43380,43420,43410,43060,43040,42790,42810,42850,42870,42900,42920,43190,34710,32980,32970,32130,32120,32070,31970,31020,31420,31450,30970,21260,21180,20380,20400,20090,20140,20250,20280,20760,20790,21090,20840,20860,10200,10220,10530
DOWN,30300071,604,2,자운동,10530,10540,10570,10550,10210,10190,20850,21120,21100,20800,20780,20010,20230,20130,20530,20410,20370,21170,21160,30980,31160,31120,31050,32100,32080,32150,32160,32170,34720,42930,42910,42890,42860,42820,42800,43050,43070,43400,43460,43430,43390,43370,43340,43710
UP,30300072,605,2,갈마아파트,14520,10950,10970,10910,11350,11290,11280,11180,11390,10070,10040,11460,12350,12000,11480,11510,11550,11530,11860,11850,11820,51420,51320,51260,50100,50030,32660,32640,32520,32450,32270,32130,32120,32060,31830,31840,31880,31880
DOWN,30300072,605,2,대전대동문,31880,31600,31590,31570,31740,31870,31850,31900,32080,32150,32210,32490,32560,32630,32650,50040,50110,51280,53130,51370,51430,11810,11840,11880,11520,11540,11500,12020,11990,12360,11450,11420,10010,11380,11170,11210,11240,11300,11360,14280,10990,10980,14530
UP,30300073,606,2,신흥동,43700,42980,42950,42970,43010,43020,43070,43400,43080,43100,43130,43150,43110,43210,34710,32380,32460,32560,32630,32650,50040,50110,50150,50140,50170,53410,14620,14600,12310,12370,10050,10080,10120,10540,10570,10530,10530
DOWN,30300073,606,2,자운동,10530,10140,10090,10070,14270,12410,12330,11920,14590,14610,53400,50190,50160,50100,50030,32660,32640,32520,32500,34740,34730,34720,43220,43170,43180,43140,43120,43090,43410,43060,43030,43000,42960,42990,43710,43680,43690,43650,43750,43740,43730,43720,46560,43670
UP,30300074,607,2,옥천,51590,51570,51540,51510,51020,51000,11870,11830,12140,14690,14710,12190,12170,12160,12180,12230,12250,12300,12310,12370,10050,10080,10120,10150,10610,10630,10650,10670,10740,10800,10850,10870,12680,12750,13000,13020,13050,13070,62210,62230,62260,62290,62340,62200,62030,62040,62060,62090,62100,62150,62170,62120,62190
DOWN,30300074,607,2,비래동종점,62190,5945,62130,62140,62160,62180,62110,62080,62070,62050,62020,62010,62330,62280,62250,62240,62220,13090,13080,13040,13010,12990,12740,12670,10860,10840,10830,10780,10760,10680,10660,10640,10600,10140,10090,10070,10040,12380,12290,12260,12240,12190,14540,14550,12200,14720,14700,11930,12010,11490,51010,51500,53070,51550,51580,51590
UP,30300130,608,2,은어송마을3단지후문,21670,21660,30760,30720,30790,21670,21660,23210,23220,21440,21450,21720,21770,21840,22040,22150,22250,20600,20720,20050,12460,10030,11380,11170,11210,11240,11300,11360,14280,10990,10980,14530,11100,11130,11140,11110,10790,10780,10760,10380,10500,10520,10730
DOWN,30300130,608,2,서남부터미널,10730,10490,10390,10740,10810,11120,11160,11150,14250,14520,10950,14680,10910,11350,11290,11280,11180,11390,10060,12450,23250,20300,20170,21240,21410,21380,21820,21750,21710,21430,23670,30760,30720,30790,U9003105
UP,30300027,61,4,냉천,11100,11130,11140,11110,10750,10700,10740,10800,10850,10870,12690,12730,12720,12650,12790,12810,12830,12770,12610,12590,12520,12510,12540,12580,12560,12630,12850,12880,14560,12860
DOWN,30300027,61,4,대전대,12860,14570,12870,12840,12620,12550,12590,12520,12510,12540,12570,12600,12760,12820,12800,12780,12640,12700,12710,12670,10860,10840,10830,10780,10760,10690,10720,10770,11120,11160,11150,14250
UP,30300028,61,4,천개동,11100,11130,11140,11110,10750,10700,10740,10800,10850,10870,12690,12730,12720,12650,12790,12810,12830,12770,12610,12590,12520,12510,12500,12890
DOWN,30300028,61,4,대전대,12890,12490,12510,12540,12570,12600,12760,12820,12800,12780,12640,12700,12710,12670,10860,10840,10830,10780,10760,10690,10720,10770,11120,11160,11150,14250
UP,30300075,611,2,세천공원,53250,53260,50800,50790,50740,50710,50720,51140,51160,51070,51300,51270,51280,53130,51370,51430,11810,11840,11880,11870,11830,11940,11960,11970,12310,12370,10010,11380,11170,11220,10880,10890,10940,11010,11040,11060,11080,10750,10700,10740,10800,10850,10870,12680,12980
DOWN,30300075,611,2,신대차고지,12980,12970,12670,10860,10840,10830,10780,10760,10690,10720,10770,11070,11020,10960,10920,10900,11270,11230,11180,11390,10060,12410,12320,12340,11980,11950,12010,11860,11850,11820,51420,51320,51260,51290,51310,51380,51170,51150,50730,50770,53170,50750,50760,50810,53270,53250
UP,30300076,612,2,배재대학교,12670,10860,10840,10830,10810,10750,10700,10680,10660,10640,10550,10210,10190,10180,10130,10090,10070,10040,12450,20060,20760,20750,20620,20570,21240,21410,21380,21340,21280,21630,21610,21560,21510,21480,21430,30350,30330,30290,30300,31650,30200,30180,30420,30400,35110
DOWN,30300076,612,2,대전동신과학고,35110,30370,30430,30190,30210,31610,31640,30280,30320,30310,30340,21440,21490,21540,21570,21600,21620,21270,21350,22040,22150,22250,20550,20610,20700,20780,20040,12460,10050,10080,10100,10110,10200,10220,10560,10610,10630,10650,10690,10720,10770,10790,10850,10870,U8007173
UP,30300077,613,2,갈마아파트,51590,51570,51600,51620,11690,11640,11610,11570,11500,12020,11970,12310,12390,12420,20290,20170,21240,21410,21380,21820,21750,21420,30760,30730,30650,30620,30560,30530,30550,30580,30590,30220,31650,31630,31590,31570,31740,31880
DOWN,30300077,613,2,비래동,31880,31600,31610,31640,30230,30570,30540,30520,30510,30600,30640,30750,30770,21680,21720,21770,21840,22040,22150,22250,20600,20680,12430,12400,12320,12340,12000,11480,11510,11580,11630,11650,51630,51640,51610,51580
UP,30300078,614,2,어덕마을,50710,50720,51140,51160,51070,51300,51270,50100,50060,53470,53450,53430,53410,14620,14600,12310,12390,12420,20290,20170,21240,21200,21190,21180,20390,20340,23280,23240,21140,21260,21300,21150,21150
DOWN,30300078,614,2,대한통운,21150,20320,23290,20330,20370,21370,21400,22250,20600,20660,20070,12410,12330,11920,14590,14610,53400,53420,53440,53460,50040,50110,51290,51310,51380,51170,51150,50730,U8003108
UP,30300079,615,2,정림동종점,50710,50720,51140,51410,51440,11750,11770,11740,11730,11940,11960,11990,12360,11450,11430,12440,23250,20310,20640,20580,20540,22210,22130,21990,21830,21730,22390,22350,30780,30740,30650,30490,30830,30860,30850,35100
DOWN,30300079,615,2,대한통운,35100,30820,30890,30880,30840,30900,30910,30640,30720,30790,22380,22430,21870,21900,22000,22140,22220,20590,20650,20630,20680,20040,12430,11460,12350,11980,11950,11760,11780,11790,11800,51450,51180,51170,51150,50730,U8003108
UP,30300080,616,2,대전역,11420,10010,11380,11170,11470,11460,12350,11980,11950,12010,11490,51010,51500,51530,51040,51030,50970,50910,51220,51190,51150,50730,50690,50670,50640,50500,50490,50460,50420,50390,50400,50440,50530,50540,50580,50290,50150,50140,50170,53410,14620,14600,12310,12370,14630,11410
DOWN,30300080,616,2,대전역,11410,12400,12330,11920,14590,14610,53400,50190,50160,50180,50300,50560,50550,50480,50430,50410,50380,50450,50470,50520,50510,50630,50680,50700,50720,51130,51200,51240,50920,50980,51060,51050,51520,51510,51020,51000,11870,11830,11940,11960,11990,12360,11450,11400,11180,11390,10070,14270
UP,30300081,617,2,변동5가,51590,51570,51040,50960,50990,50970,50910,51220,51190,51100,51090,51110,51070,51300,51270,50100,50030,32660,32620,32590,32390,32310,32190,32060,31830,31840,31730,31560,31580,31610,31640,30280,31460,31480,31530,34840,31470
DOWN,30300081,617,2,비래동,31470,30300,31650,31630,31590,31570,31740,31870,31850,31900,32080,32220,32350,32410,32530,31290,32650,50040,50110,51290,51310,51380,51120,51080,51130,51200,51240,50920,50980,53230,50950,51050,51580
UP,30300082,618,2,스마트시티,12670,10860,10840,10830,10780,10760,10380,10420,10470,10510,10490,10360,10320,10300,10280,10260,10230,20850,21110,21070,21060,23260,20670,23180,23120,23230,23140,22110,22120,22080,22040,21200,21190,21160,30980,31160,31120,31050,31030,31040,32300,32270,32160,32170,32380,34790,43310,43290,45320
DOWN,30300082,618,2,대전동신과학고,45320,45550,34780,34740,34730,32980,32210,34770,32280,32260,31020,31420,31450,30970,21330,21370,21390,21400,21410,22020,22070,22090,22100,23150,23640,23130,20560,21020,21030,21040,21080,20840,20860,10240,10250,10270,10310,10330,10370,10500,10520,10730,10440,10390,10740,10800,10850,10870,U8007173
UP,30300083,619,2,서대전여고,12670,10860,10840,10830,10780,10760,10690,10720,10770,11070,11020,10960,10920,10900,11270,10590,10570,10550,10210,10190,20850,21110,21070,21060,23260,20670,20540,22210,22130,21990,21830,21730,22390,22350,30780,30740,30710,30690,30670,30260,30290,30300,30240,30460,30460
DOWN,30300083,619,2,대전동신과학고,30460,30190,30210,31610,31640,30280,30320,30270,30250,30660,30680,30700,30720,30790,22380,22430,21870,21900,22000,22140,22220,20560,21020,21030,21040,21080,20840,20860,10200,10220,10560,10580,11250,11260,10890,10940,11010,11040,11060,11080,10750,10700,10740,10800,10850,10870,U8007173
UP,30300029,62,4,항곡리,11100,11130,11140,11110,11070,11020,10960,10920,10900,11270,11230,11470,10010,10050,10080,10120,10150,10610,10630,10650,10670,10740,10800,10850,10870,12680,12750,13000,13020,13050,14580,13110,13130,13150,13170,13190,13220,14390,13240,13260,13280,62310,62370,62380
DOWN,30300029,62,4,대전대,62380,62360,62320,62350,62300,62270,62420,62400,62410,13200,14410,13080,13040,13010,12990,12740,12670,10860,10840,10830,10780,10760,10680,10660,10640,10600,10140,10090,10070,10040,11400,11260,10890,10940,11010,11040,11060,11080,11120,11160,11150,14250
UP,30300084,620,2,대한통운,U8003109,13780,13410,13460,13440,13390,13690,13670,13650,13600,20980,20960,20940,20920,20900,20870,21110,21070,21060,20740,20710,20650,20630,20660,20010,20230,20260,12300,12340,12000,11480,11510,11580,11630,11650,51630,51640,51610,51040,50930,51490,51250,51220,51190,51150,50730,50710
DOWN,30300084,620,2,낭월차고지,50710,50720,51130,51200,51210,51230,51480,50940,51050,51600,51620,11690,11640,11610,11570,11500,12020,11970,12290,20240,20250,20280,20310,20640,20690,20730,21040,21080,21130,20880,20890,20910,20930,20950,20970,20990,13610,13660,13680,13400,13430,13450,13420,13790,13820
UP,30300030,63,4,회남리,11420,11460,12350,11970,12310,12370,10030,10080,10120,10150,10610,10630,10650,10670,10740,10800,10850,10870,12680,14420,14370,13030,13020,13050,13060,14580,13110,13130,13150,13170,13190,13220,14390,13240,13260,13280,13360,13380,13340,13320,13290,61020,61040,61050,61070,61100,61110,61140,61180,61160,61200,61220,61210,61210
DOWN,30300030,63,4,대전역,61210,61230,61190,61150,61170,61130,61120,61090,61080,61060,61030,61010,13300,13310,13330,13370,13350,13270,13250,13230,14400,13210,13180,13160,13140,13120,13100,13080,13060,13040,13010,14240,14380,14430,12670,10860,10840,10830,10780,10760,10680,10660,10640,10600,10140,10090,10040,12380,12320,12340,11990,12360,11450,11420
UP,93000039,655,7,충남대학교,051052,051038,051046,051044,051043,051041,051035,051036,051053,034033,034011,034110,034053,034041,034005,034004,034045,034008,034001,034007,034082,034085,060009,46040,46030,43810,43830,43920,43970,42380,42420,45530,42350,42330,42220,42270,42000,42050,42100,41210,41330,42610
DOWN,93000039,655,7,첫마을3단지,42610,41350,41340,41320,41290,41200,42110,42030,41990,42260,42250,42360,42370,45540,42430,43990,43980,43940,43840,060015,43820,43800,43760,U6004706,034084,034083,034008,034001,034007,034044,034046,034002,034003,034039,034054,034111,034010,034032,051052,051037,051034,051040,051042,051045,051047,051039
UP,30300141,66,4,판암역,51590,51570,51540,51560,11620,53510,14530,11100,11130,11140,11110,10750,10700,14740
DOWN,30300141,66,4,비래동,14740,10740,10810,11120,11160,11150,14250,14520,53520,53530,53540,53070,51550,51580,51590
UP,93000205,661,7,송강마을아파트,051053,034033,75160,75210,75230,75260,75280,051027,75290,75310,034101,034021,U3011062,75340,75380,034099,U3011085,034079,034026,034023,034027,034048,45130,45150,45170,45200,45210,82530,45330,44800
DOWN,93000205,661,7,세종고속시외버스터미널,44800,45220,45190,45180,45160,45140,034047,75430,034022,034025,034079,034081,034098,75370,75330,034101,034021,U3011062,75320,75300,057026,75270,75250,75240,75220,75150,034032,051052
UP,93000211,691,7,송강마을아파트,051053,034033,75160,75210,75230,75260,75280,051027,75290,75310,75340,75380,75390,75410,75450,034123,75470,75490,45070,61019,45090,44880,44930,44920,44900,44860,44480,45330,44800
DOWN,93000211,691,7,세종고속시외버스터미널,44800,45340,44500,44870,44910,44940,44950,44890,45100,061020,45080,75480,75460,034049,75440,75420,75400,75370,75330,75320,75300,057026,75270,75250,75240,75220,75150,034032,051052
UP,30300086,701,2,대전고등학교,44330,44380,44390,46250,44340,44470,51920,51890,51950,51900,51930,51730,51750,51760,52040,52060,52090,52120,52100,52080,52050,52150,52140,52180,50820,50800,50790,50740,50710,50720,51140,51410,51440,11810,11840,11880,11870,11830,11940,11960,11990,12360,11450,11430,12450,23250,20300,20640,20700
DOWN,30300086,701,2,탑립동,20700,20780,20050,12460,11460,12350,11980,11950,12010,11860,11850,11820,51450,51180,51170,51150,50730,50770,53170,50750,50760,50810,50840,52160,52170,52240,52290,52110,52130,51690,52070,51670,51770,51740,51810,51870,51940,51880,51910,44460,44350,45420,44370,44360,45430
UP,30300087,703,2,정림동종점,51650,53370,51660,51700,52790,51720,52330,52310,52270,52220,52200,52180,50820,50800,50790,50740,50710,50690,50670,50650,50590,50580,50290,50100,50030,32660,32640,32520,32450,32440,32390,32310,32190,32070,31970,31020,31420,31450,30950,30930,31550,31510,31720,30320,30270,30250,30660,30680,30700,30650,30490,30830,30860,30850,35100
DOWN,30300087,703,2,신탄진,35100,30820,30890,30880,30840,30900,30910,30640,30710,30690,30670,30260,30290,31460,31490,31520,30920,31160,31120,31050,32100,32080,32220,32350,32410,32480,32490,32560,32630,32650,50040,50110,50300,50570,50600,50660,50680,50700,50770,53170,50750,50760,50810,50840,52190,52210,52230,52260,52320,52340,52830,52810,51710,51680,51650
UP,30300088,704,2,보훈병원,40080,40100,45610,40170,40110,40010,40050,40140,40150,40250,40300,40340,45310,40290,40270,40370,40500,40440,40460,40480,41960,41970,46240,41510,41530,41540,41570,41190,41210,41330,41360,42590,42140,42530,42560,42580,42970,43010,43020,43070,43400,43460,43430,43390,43370,43350,43440,43470,45560,43520,43560,43550,44510,44540,44560,44600,44760,44720,44750,44830,45580,51820,51830,51860,51930,51730,51750,51760,51660,51700,52790,52850,52900,53390,52970,52970
DOWN,30300088,704,2,원내동,52970,52870,52810,51710,51680,51770,51740,51810,51800,51790,51780,45570,44780,44730,44710,44740,44590,44550,44530,44520,43540,43530,43490,43480,43450,43360,43380,43420,43410,43060,43030,43000,42940,42570,42550,42540,42130,42600,41340,41290,41180,41560,41550,41520,41500,41980,41950,40470,40450,40430,40490,40360,40260,40280,45300,40330,40310,40240,40130,40090,40040,45460,40120,40160,45620,40180,46340
UP,30300089,705,2,대전역,51650,53370,51660,51700,53350,52790,51720,52330,52310,52270,52240,52290,52110,52130,51690,52070,51670,51770,51740,51810,51870,51940,52000,52030,51980,51910,44440,44680,44550,44570,44660,44420,44400,44290,44140,44210,44230,44220,44060,46500,44050,46100,44270,44260,43330,43280,43260,43250,34710,32980,32970,32130,32230,32340,32350,32410,32530,31300,31330,31260,20480,20520,20140,20260,12300,12310,12370,14630,11410
DOWN,30300089,705,2,신탄진,11410,12400,12290,20240,20130,20510,20470,31270,31310,32590,32390,32310,32190,32150,32160,32170,34720,43240,43270,43320,45900,44280,46110,44070,44240,44250,44200,44150,44300,44410,44430,44640,44580,44560,44670,46280,44450,51920,51990,52020,52010,51950,51900,51930,51730,51750,51760,52040,52060,52090,52120,52100,52080,52050,52260,52320,52340,52830,52810,53360,51710,51680,51650
UP,30300090,706,2,목원대학교,50710,50710,50720,51140,51410,51440,51420,51320,51260,50100,50030,32660,32620,32610,31190,31180,31150,31090,32260,32100,32080,32150,32960,32940,32840,32790,32770,45290,42680,42600,41350,41320,41260,45490,45880,45510,41800,33230
DOWN,30300090,706,2,대한통운,33230,41810,45520,45890,45500,45700,41330,41360,42620,41390,35300,32780,32860,32930,32970,32130,32120,32070,31970,31020,31050,31030,31100,31140,31170,31210,31280,31290,32650,50040,50110,51280,53130,51370,51450,51180,51170,51150,50730
UP,30300118,71-1,4,용호동,12690,12730,12720,12650,12790,12810,12830,12770,12610,12580,12560,12630,12850,12880,14460,12910,12930,12950,12960,52580,52570,52550,52610,52630,52660,52710,52690,52640,52520,52990,52960,52860,52790,51720,52890,53300,52980,52980
DOWN,30300118,71-1,4,비룡동입구,52980,53140,52880,52830,52810,52840,52950,53000,52530,52650,52680,52700,52670,52620,52600,52540,52560,52590,12960,12940,12920,12900,14470,12870,12840,12620,12550,12570,12600,12760,12820,12800,12780,12640,12700,12710,12670
UP,30300119,71-2,4,직동종점,52980,53140,52880,52830,52810,52840,52950,53000,52530,52650,52680,52700,52670,52620,52600,52540,52560,52590,12960,12960
DOWN,30300119,71-2,4,용호동,12960,52580,52570,52550,52610,52630,52660,52710,52690,52640,52520,52990,52960,52860,52790,51720,52890,53300,52980
UP,30300091,711,2,대전역,51650,53370,51660,51700,52840,52910,52930,52870,51720,52330,52310,52270,52220,52200,52180,50820,50800,50790,50740,50710,50720,51100,51090,51110,51070,51330,51340,51370,51390,50370,12110,50360,50350,50230,53410,14620,14600,12310,12390,20060,20760,20820,11380,11170,11470,14630,11410
DOWN,30300091,711,2,신탄진,11410,11400,11180,11390,10020,20810,20780,20070,12400,12330,11920,14590,14610,53400,50240,50340,53340,12120,11720,51400,51360,51350,51380,51120,51080,50730,50770,53170,50750,50760,50810,50840,52190,52210,52230,52260,52320,52340,52830,52850,52900,52940,52920,52860,51710,51680,51650
UP,30300092,712,2,철도공착장,44330,44320,44410,44430,44640,44580,44560,44650,44620,45580,51820,51830,51840,51880,51960,53310,52230,52240,52290,52110,52130,51690,52070,51670,51660,51700,52790,51720,53020,53040,53030,53050,53010
DOWN,30300092,712,2,탑립동,53010,53060,52380,53240,52820,52830,52810,51710,51680,52040,52060,52090,52120,52100,52080,52050,52220,51970,51890,51850,51790,51780,45570,44610,44630,44550,44570,44660,44420,44400,44310
UP,30300032,72,4,대청댐,75430,45130,45150,45170,45200,45210,45600,44790,44830,45580,51820,51830,51860,51930,51730,51750,51760,52040,52060,52090,52120,52100,52830,52810,52840,52950,53000,52530,52650,52730,52750,52770,53180,53190,53210
DOWN,30300032,72,4,달전동,53210,53200,52780,52760,52740,52720,52640,52520,52990,52960,52860,52790,51720,52110,52130,51690,52070,51670,51770,51740,51810,51800,51790,51780,45570,44820,44770,45590,45220,45190,45180,45160,45140
UP,30300099,73,4,대청댐종점,45060,44980,45040,45020,45000,44960,44880,44930,44920,44900,44860,44480,45330,44790,44830,45580,51820,51830,51860,51930,51730,51750,51760,51660,51700,52840,52950,53000,52530,52650,52730,52750,52770,53180,53190,53210,53200,52780
DOWN,30300099,73,4,금탄동,52780,52760,52740,52720,52640,52520,52990,52960,52860,51710,51680,51770,51740,51810,51800,51790,51780,45570,44820,44800,45340,44500,44870,44910,44940,44950,44890,44970,45010,45030,45050,44990
UP,30300034,74,4,장동2구,50710,50720,51100,50680,50700,50770,53170,50750,50760,50810,53320,50880,53090,50900,52410,52490,53100,53110,53280,52460,52390,52440,52510,52510
DOWN,30300034,74,4,대한통운,52510,52450,52400,52470,53290,53120,52500,52480,52420,50890,53080,50870,53330,50800,50790,50740
UP,30300035,75,4,대평리종점,52970,52870,52810,51710,51680,51770,51740,51810,51800,51790,51780,45570,44820,44800,45340,44500,44870,44910,44940,44950,44890,46420,75480,75460,75440,75420,75400,75370,75330,75320,75300,75270,75250,75240,75220,75150,034032,75630
DOWN,30300035,75,4,보훈병원,75630,75160,75210,75230,75260,75280,75290,75310,75340,75380,75390,75410,75450,75470,75490,46430,44880,44930,44920,44900,44860,44480,45330,44790,44830,45580,51820,51830,51860,51930,51730,51750,51760,51660,51700,52790,52900
UP,30300093,802,2,보문산공원,44490,44480,45330,44790,44780,44730,44710,44740,44590,44550,44570,44660,44420,44400,44290,44140,44210,44230,44220,44060,46500,44050,46100,44270,50610,50630,50650,50590,50580,50290,51280,53130,51370,51430,11750,11770,11740,11730,12010,11490,11520,11540,11500,12020,11970,12310,12390,20060,20760,20820,10080,10100,20830,21050,23310,23330,23350,23340
DOWN,30300093,802,2,봉산동,23340,23320,23300,23360,10090,10020,20810,20780,20070,12400,12320,12340,12000,11480,11510,11550,11530,11870,11830,11760,11780,11790,51420,51320,51260,50300,50570,50600,50640,50620,44280,46110,44070,44240,44250,44200,44150,44300,44410,44430,44640,44580,44560,44600,44760,44720,44750,44810,44800,45340,44500,44490
UP,30300094,911,2,DCC종점,43700,43360,43380,43420,43410,43060,43030,43000,42940,42570,42550,42540,42130,42120,42100,41210,41270,41370,32710,35300,32780,32860,32880,31940,31930,32050,32220,32350,31110,31140,31170,31210,31280,31290,32640,32520,32500,34740,34730,34720,43240,43270,43310,43290,45320
DOWN,30300094,911,2,자운동,45320,45550,43280,43260,43250,34710,32380,32460,32560,32630,32620,32610,31190,31180,31150,31130,32310,32190,32040,31990,32000,32900,32840,32790,32700,41380,41290,41200,42110,42090,42140,42530,42560,42580,42970,43010,43020,43070,43400,43460,43430,43390,43370,43340,43710,43680,43690,43650,43750,43740,43730,43720,46560,43670
UP,30300095,916,2,만년동,21660,30760,30730,30650,30060,30040,30010,35150,30390,30480,30450,30430,30190,30210,31610,31640,30280,31460,31490,31520,30920,30940,30990,31230,31010,31270,31310,31290,32570,32400,32320,32090,32020,32900,32840,32820,32950,34700,34660,U9001595
DOWN,30300095,916,2,서남부터미널,U9001595,34690,32140,32920,32830,32860,32880,32010,32110,32330,32420,32550,32620,31300,31330,31260,31250,31220,31200,30950,30930,31550,31510,31720,30300,31650,30200,30180,30420,30410,30440,30470,30380,35160,30020,30070,30640,30750,30770,21680,21690,22370,21670
UP,30300096,918,2,시청,44330,46050,45860,44430,44640,44580,44530,44520,43540,43530,45630,43570,45920,44090,44100,44160,44190,44220,44060,46500,44040,44030,44000,43160,43150,43110,43210,34710,32140,32200,32430,32560,32630,32620,32590,32390,32360,32360
DOWN,30300096,918,2,탑립동,32360,32340,32350,32410,32530,31290,32640,32520,32240,32180,34720,43220,43170,43180,43200,43230,44010,44020,44070,44240,44180,44170,44110,44080,45910,43580,45410,43520,43560,43550,44510,44540,44570,44660,44420,45870,46060,44330
UP,93000077,990,7,오송역,43980,051012,051121,051048,051007,051015,052029,052033,052008,031056,031054,013012
DOWN,93000077,990,7,반석역,013012,031053,031055,052009,052036,052030,052018,051009,051049,051122,051011,43970
