UP,30300103,1,6,3437,1011,3626,3597,3611,3606
DOWN,30300103,1,6,3606,3604,3554,3548,3542,3538,3632,3638,3642,1013,1040,1041,1010
UP,30300001,1,5,2380,2951,2381,1569,1609,1675,1744,1765,1766,1756,2632,2633,1570,1560,1519,2894,2942,3141,3136,3021,3447,3411,3412,1403,2563,2562,2558,3380,3374,3414,3371,3454,3375,3376,3372,3398,3440,3438,3593,3612,3594,3606,3625,3639,3623,3609,3588,3641,1014
DOWN,30300001,1,5,1009,1015,3640,3607,3608,3624,3605,3595,3592,3613,3591,3397,3441,3338,3377,3379,3374,3414,3371,3454,3375,3453,3391,2560,2564,1401,2707,3410,3446,3450,3137,3140,2941,1404,1520,2893,1561,1571,2634,2635,1757,1784,1764,1753,1743,1674,1608,2730,2731,2952,2379
UP,30300100,1,1,2843,2841,2321,2427,2425,2283,2299,2692,2693,2277,2274,2275,2272,2266,2262,2409,2407,2403,2238,2227,2341,2205,2196,2171,2169,2161,2149,2143,2137,2120,376,1003,348,330,306,290,267,494,253,919
DOWN,30300100,1,1,257,749,750,637,286,262,246,493,264,291,303,331,345,374,1002,383,2134,2140,2146,2158,2166,2172,2193,2206,2340,2220,2222,2237,2402,2406,2408,2263,2269,2273,2276,2694,2696,2282,2421,2426,2322,2327,2842,2759,2762,229
UP,69690113,100,2,4204,4204,4204,4204,4204,4204,4204,4204,4197,4197,4197,4197,4197,4197,4197,4197,4197,4197,4197,4197,4197,4197,4197,4197,4197,4197,4197,4197,4197,4197,4198,4198,4198,4198,4198,4198,4199,4199,4200,4200,4201,4201,4201,4201,4201,4201,4201,4201,4201,4202,4202,4202,4202,4202,4202,4202,4202,4202,4018,4018,4018,4018,4018,4018,4018,4018,4018,4018,4018,4018,4019,4019,4020,4020,4020,4020,4020,4020,4020,4020,4021,4021,4021,4021,4021,4021,4021,4022,4022,4022,4022,4022,4022,4022,4022,4022,4022,4022,4022,4022,4022,4022,4022,4022,4022,4022,4022,4022,4022,4022,4022,4022,4022,4022,4023,4023,4023,4023,4089,4089,4090,4090,4090,4090,4090,4090,4090,4090,4090,4025,4025,4025,4025,4025,4025,4025,4026,4026,4026,4026,4026,4026,4026,4026,4026,4027,4027,4027,4027,4027,4027,4027,4027,4027,4027,4027,4027,4027,4027,4027,4027,4028,4028,4028,4028,4028,4028,4028,4028,4028,4028,4028,4028,4028,4028,4028,4028,4028,4028,4028,4028,4028,4028,4028,4028,4028,4028,4028,4028,4028,4028,4028,4028,4028,4028,4028,4028,4028,4028,4028,4028,4028,4029,4029,4029,4029,4029,4029,4029,4029,4029,4029,4029,4029,4030,4030,4030,4030,4030,4030,4030,4030,4030,4030,4030,4030,4030,4030,4030,4030,4030,3998,3998,3998,3998,3998,3998,3998,3998,3998,3998,3998,3998,3999,3999,3999,3999,3999,3999,3999,3999,3999,3999,3999,4000,4000,4000,4000,4000,4000,4000,4000,4000,4000,4000,4000,4000,4000,4000,4000,4000,4000,4000,4000,4000,4000,4000,4000,4000,4000,4001,4001,4001,4001,4001,4001,4001,4001,4002,4002,4002,4002,4002,4003,4003,4003,4003,4003,4003,4003,4003,4003,4003,4003,4004,4004,4004,4004,4004,4005,4005,4005,4005,4006,4006,4006,4006,4006,4006,4006,4006,4006,4006,4006,4006,4006,4006,4006,4006,4006,4006,4006,4006,4006,4006,4006,4006,4006,4006,4006,4006,4006,4006,4006,4006,4006,4006,4006,4006,4006,4006,4006,4006,4006,4006,4006,4006,4006,4006,4006,4006,4006,4006,4006,4006,4006,4006,4006,4006,4006,4006,4006,4006,4006,4006,4006,4006,4006,4006,4006,4006,4006,4006,4006,4006,4006,4006,4006,4006,4006,4006,4006,4006,4006,4006
DOWN,69690113,100,2,3917,3917,3917,3917,3917,3917,3917,3917,3917,3917,3917,3917,3917,3917,3917,3917,3917,3917,3917,3917,3917,3917,3917,3917,3917,3917,3917,3917,3917,3917,3917,3917,3917,3917,3917,3917,3917,3917,3917,3917,3917,3917,3917,3917,3917,3917,3917,3917,3917,3917,3917,3917,3917,3917,3917,3917,3917,3917,3917,3917,3917,3917,3917,3917,3917,3917,3917,3917,3918,3918,3918,3919,3919,3919,3919,3919,3920,3920,3920,3920,3920,3920,3920,3920,3920,3920,3920,3920,3920,3920,3920,3920,3920,3920,3921,3921,3921,3921,3921,3921,3922,3922,3922,3922,3922,3922,3922,3923,3923,3923,3923,3923,3923,3923,3923,3923,3923,3923,3923,3923,3923,3923,3923,3923,3923,3923,3923,3923,3923,3923,3924,3924,3924,3924,3924,3924,3924,3924,3924,3924,3924,3924,3924,3924,3924,3924,3925,3925,3925,3925,3925,3925,3925,3925,3925,3925,3925,3925,3925,3925,3925,3925,3925,3925,3925,4062,4062,4062,4062,4062,4062,4062,4062,4062,4062,4062,4062,4062,4063,4063,4063,4063,4063,4063,4063,4063,4063,4063,4064,4064,4064,4064,4064,4064,4064,4064,4064,4064,4064,4064,4064,4064,4064,4064,4064,4064,4064,4064,4064,4064,4064,4064,4064,4064,4064,4064,4064,4064,4064,4064,4065,4065,4065,4065,4065,4065,4065,4065,4065,4065,4065,4065,4065,4066,4066,4066,4066,4066,4066,4066,4066,4066,4067,4067,4067,4067,4067,4067,4067,4091,4091,4091,4091,4091,4091,4091,4091,4092,4092,4092,4069,4069,4069,4069,4069,4070,4070,4070,4070,4070,4070,4070,4070,4070,4070,4070,4070,4070,4070,4070,4070,4070,4070,4070,4070,4070,4070,4070,4070,4071,4071,4071,4071,4072,4072,4072,4072,4072,4072,4072,4072,4072,4072,4015,4015,4015,4073,4073,4073,4073,4073,4073,4073,4073,4073,4073,4073,4101,4101,4101,4101,4101,4101,4101,4101,4101,4102,4102,4102,4103,4103,4103,4103,4104,4104,4104,4104,4104,4104,4104,4104,4105,4105,4106,4106,4107,4107,4107,4107,4107,4107,4108,4108,4108,4108,4108,4108,4108,4108,4108,4108,4108,4108,4108,4108,4108,4203,4203,4203,4203,4203,4203,4203,4203,4203
UP,93000169,1000,7,4483,4483,4483,4483,4484,4484,4485,4486,4486,4487,4488,4488,4489,4489,4490,4491,4492,4492,4493,4494,4495,4496,4497,4497,4498,4499,4500,4501,4502,4503,4504,4505,4506,4507,4508,4509,4510,4511,4512,4512,4512,4512,4513,4513,4514,4514,4515,4516,4516,4517,4517,4518,4518,4519,4519,4520,4520,4521,4522,4522,4523,4523,4524,4524,4524,4524,4525,4526,3769,3769,3770,3770,3771,3771,3773,3773,3773,3773,3774,3774,3775,3775,3776,3776,3776,3776,3777,3777,3778,3778,3778,4378,4378,4379,4379,4380,4387,4387,4387,4388,4388,4388,4389,4389,4389,4390,4390,4390,4391,4391,4391,4392,4392,4392,4393,4393,4393,4394,4394,4394,4395,4395,4395,4396,4396,4396,4397,4397,4397,4398,4398,4398,4400,4400,4400,4401,4401,4401,4402,4402,4402,4403,4403,4403,4404,4404,4404,4405,4405,4405,4406,4406,4406,4407,4407,4407,4408,4408,4408,4409,4409,4409,4410,4410,4410,4412,4412,4412
DOWN,93000169,1000,7,4329,4329,4330,4330,4330,4331,4331,4331,4414,4414,4414,4415,4415,4415,4416,4416,4417,4417,4417,4418,4418,4418,4419,4419,4419,4420,4420,4420,4422,4422,4422,4423,4423,4423,4424,4424,4424,4425,4425,4425,4426,4426,4426,4427,4427,4427,4428,4428,4428,4429,4429,4430,4430,4430,4431,4431,4431,4353,4353,4353,4433,4433,4433,4434,4434,4434,4435,4435,4435,4436,4436,4436,4382,4382,4363,4363,4363,4363,4363,4363,4364,4364,4365,4365,4366,4366,4366,3790,3790,3791,3791,3792,3792,3793,3793,3793,3793,3794,3794,3795,3795,3795,3795,3796,3796,4438,4439,4440,4440,4441,4441,4442,4443,4444,4444,4445,4445,4446,4447,4448,4449,4450,4451,4451,4452,4452,4453,4453,4453,4453,4454,4455,4456,4457,4458,4459,4460,4461,4462,4463,4464,4465,4466,4467,4468,4468,4469,4470,4470,4471,4472,4472,4473,4474,4475,4476,4477,4478,4478,4479,4480,4481,4482,4483,4483
UP,30300128,1001,3,920,242,207,191,176,160,130,115,97,3784,3785,2357,1521,2360,1469,1429,844,3786,843,3787,3788,3789,3790,3790,3791,3791,3792,3792,3793,3793,3794,3794,3795,3795,3796,3796,3797,3798,3799,3800,3801,3802,3803,3804,3805,3806,3807,3808,3809,3810,3811,3812,3813,3814,3815,3816,3817,3818,3819,3820,3821,3822,3823,3824,3825,3826,3827,3828,3829,3830,3831,3832,3833,3834,3835,3836
DOWN,30300128,1001,3,3728,3729,3730,3731,3732,3733,3734,3735,3736,3737,3738,3739,3740,3741,3742,3743,3744,3745,3746,3747,3748,3749,3750,3751,3752,3753,3754,3755,3756,3757,3758,3759,3760,3761,3762,3763,3764,3765,3766,3767,3768,3769,3769,3770,3770,3771,3771,3772,3773,3773,3774,3774,3775,3775,3776,3776,3777,3777,3778,3778,3778,3779,3780,842,3781,841,7,1436,2346,2359,1522,2358,3782,3783,98,116,131,161,177,192,208,243,919
UP,30300129,1002,3,2380,2951,2381,1569,1558,2372,2366,1488,1482,1485,1489,3869,3870,3871,3872,3873,3874,3875,3876,3425,3430,3432,3347,3345,3341,3877,3877,3878,3879,3880,3881,3882,3883,3884,3885,3886,3887,3888,3889,3890,3891,3892,3893,3894,3895,3896
DOWN,30300129,1002,3,3837,3838,3839,3840,3841,3842,3843,3844,3845,3846,3847,3848,3849,3850,3851,3852,3853,3854,3855,3856,3857,3858,3859,3342,3346,3348,3860,3429,3426,3861,3862,3863,3864,3865,3866,3867,3868,1495,1492,1494,1493,2368,2373,1562,2730,2731,2952,2379
UP,93000179,1004,7,4329,4330,4330,4330,4331,4331,4331,4414,4414,4414,4415,4415,4415,4416,4416,4417,4417,4417,4418,4418,4418,4419,4419,4419,4420,4420,4420,4422,4422,4422,4423,4423,4423,4424,4424,4424,4425,4425,4425,4426,4426,4426,4427,4427,4427,4428,4428,4428,4429,4429,4430,4430,4430,4431,4431,4431,4353,4353,4353,4433,4433,4433,4434,4434,4434,4435,4435,4435,4436,4436,4436,4363,4363,4363,4553,4364,4364,4365,4365,4366,4366,4366,4554,4555,4555,4556,4556,4557,4557,4558,4558,4558,4558,4559,4559,4560,4560,4561,4561,4562,4562,4563,4564,4565,4566,4567,4568,4440,4440,4441,4441,4569,4570,4571,4572,4573,4574,4575,4512,4512,4576,4577,4578,4579,4580,4581,4582,4583,4584,4585,4586,4587,4588,4589
DOWN,93000179,1004,7,4527,4528,4529,4530,4531,4532,4533,4534,4535,4536,4537,4538,4539,4540,4453,4453,4541,4542,4543,4544,4545,4523,4523,4524,4524,4546,4547,4548,4549,4550,4551,4369,4369,4370,4370,4371,4371,4372,4372,4373,4374,4374,4375,4375,4376,4377,3778,3778,3778,4378,4378,4379,4379,4552,4380,4380,4387,4387,4387,4388,4388,4388,4389,4389,4389,4390,4390,4390,4391,4391,4391,4392,4392,4392,4393,4393,4393,4394,4394,4394,4395,4395,4395,4396,4396,4396,4397,4397,4397,4398,4398,4398,4400,4400,4400,4401,4401,4401,4402,4402,4402,4403,4403,4403,4404,4404,4404,4405,4405,4405,4406,4406,4406,4407,4407,4407,4408,4408,4408,4409,4409,4409,4410,4410,4410,4412,4412,4412,4413,4413
UP,93000283,1005,7,4329,4330,4330,4330,4331,4331,4331,4414,4414,4414,4415,4415,4415,4416,4416,4417,4417,4417,4418,4418,4418,4419,4419,4419,4420,4420,4420,4422,4422,4422,4423,4423,4423,4424,4424,4424,4425,4425,4425,4426,4426,4426,4427,4427,4427,4428,4428,4428,4429,4429,4430,4430,4430,4431,4431,4431,4353,4353,4353,4433,4433,4433,4434,4434,4434,4435,4435,4435,4436,4436,4436,4382,4382,4363,4363,4363,4553,4364,4364,4365,4365,4366,4366,4366,3790,3790,3791,3791,3792,3792,4367,4368,4669,4670,4670,4671,4672,4672,4673,4674,4674,4675,4565,4566,4567,4568,4676,4677,4677,4678,4679,4679,4535,4536,4537,4538,4539,4680,4540,4453,4453,4454,4455,4456,4681,4682
DOWN,93000283,1005,7,4649,4650,4651,4509,4510,4511,4512,4512,4576,4577,4578,4579,4580,4581,4582,4652,4652,4653,4654,4654,4655,4546,4547,4548,4656,4657,4657,4658,4659,4659,4660,4661,4661,4662,4663,4664,3775,3775,4665,3776,3776,3777,3777,3778,3778,3778,4378,4378,4379,4379,4552,4380,4380,4387,4387,4387,4388,4388,4388,4389,4389,4389,4390,4390,4390,4391,4391,4391,4392,4392,4392,4666,4393,4393,4393,4394,4394,4394,4395,4395,4395,4396,4396,4396,4397,4397,4397,4398,4398,4398,4399,4399,4400,4400,4400,4401,4401,4401,4402,4402,4402,4403,4403,4403,4667,4404,4404,4404,4405,4405,4405,4406,4406,4406,4407,4407,4407,4408,4408,4408,4409,4409,4409,4410,4410,4410,4411,4412,4412,4412,4668,4413,4413
UP,30300036,101,2,3697,3698,3443,3449,3409,3342,3346,3348,3431,2793,2801,2860,2802,1421,1422,1445,1484,1494,1493,2368,2373,1562,1609,1675,1744,1765,1807,2948,1814,1848,1849,1843,1793,1798,1804,1853,1859,1881,1885,1913,1926,1930,1938,1968,1990,2000,2017,2046,281,318,347,348,330,306,290,267,494,253,919,229,741,1091
DOWN,30300036,101,2,742,184,1162,190,208,243,246,493,264,291,303,331,345,346,317,280,270,2016,1999,1989,1967,1937,1929,1925,1912,1884,1880,1858,1852,1803,1796,1790,1840,1844,1847,2733,2947,2732,1764,1753,1743,1674,1608,1558,2372,2366,1488,1482,1483,1444,1428,1426,2796,2795,2861,2794,2805,3432,3347,3345,3341,3406,3452,3442,3395,3696
UP,30300037,102,2,2826,2824,3151,2736,2737,2628,1622,1616,2352,1688,2944,1748,1757,1784,1764,1753,1743,1674,1608,1617,1625,1627,1633,1664,1665,1666,1669,1668,1671,1672,1670,1673,1667,2356,78,486,599,598,73,70,94,119,134,135,123,112,146,617,626,221,255,749,750,637,286,262,919,728
DOWN,30300037,102,2,727,920,263,287,638,751,752,254,1158,625,616,145,111,120,132,133,118,93,68,69,596,597,485,79,506,1663,1654,1655,1658,1645,1648,1651,1646,1647,1638,1631,1626,1621,1615,1609,1675,1744,1765,1766,1756,1747,2943,1687,2351,1612,1618,2629,2734,2735,3152,2823,2825
UP,30300038,103,2,2826,2824,3151,2736,2737,2628,1622,1616,2352,1688,2387,2946,2389,2393,2390,2950,1807,2948,1814,1848,1849,1843,1793,1798,1804,1887,2654,2655,1942,2907,1956,1977,1986,1998,2025,2053,2066,2075,2076,2062,2056,281,318,347,348,330,306,290,267,494,253,263,287,638,751,752,254,1158,625,616,612,606,117,83,600,594,714,712,590
DOWN,30300038,103,2,587,574,570,808,810,55,713,715,595,601,84,607,613,617,626,221,255,749,750,637,286,262,246,493,264,291,303,331,345,346,317,280,277,2059,2071,2074,2065,2052,2024,1997,1976,1955,1941,1916,1907,1886,1803,1796,1790,1840,1844,1847,2733,2947,2732,2949,2391,2392,2388,2945,2386,1687,2351,1612,1618,2629,2734,2735,3152,2823,2825
UP,30300039,104,2,2826,2824,3151,2736,2737,2628,1622,1616,2352,1659,1570,1611,1608,2730,2731,3150,2698,2699,1466,1455,1461,1472,1498,1545,1546,1547,1582,1640,1726,1801,1811,1821,1835,1834,1838,1872,1896,3701,1911,1926
DOWN,30300039,104,2,3699,1925,1910,3700,1895,1871,2757,2756,1826,1820,1817,1810,1800,1725,1639,1581,1555,1556,1544,1497,1471,1460,1454,1464,1496,1559,1564,2378,2381,1569,1609,1610,1571,1660,2351,1612,1618,2629,2734,2735,3152,2823,2825
UP,30300040,105,2,2380,2951,2381,1569,1609,1675,1744,1765,1807,2948,1814,1848,1849,1843,1793,1798,1804,1853,1859,1881,1885,1913,1926,1925,1910,3700,1905,1906,2337,1863,1831,1774,1721,1667,2356,98,116,131,480,110,142,148,3702,143,135,123,112,146,612,606,117,83,600,829,830,605
DOWN,30300040,105,2,90,607,613,145,111,120,132,140,141,479,130,115,97,506,1663,1722,1775,1832,1864,2336,1897,1898,3701,1911,1926,1925,1912,1884,1880,1858,1852,1803,1796,1790,1840,1844,1847,2733,2947,2732,1764,1753,1743,1674,1608,2730,2731,2952,2379
UP,30300041,106,2,3143,3099,3126,3046,2992,2993,3001,2991,2390,2950,1764,1753,1743,1674,1608,1617,1625,1627,1633,1629,1598,1599,1640,1726,1801,1811,1821,1835,1834,1838,1839,1836,1837,1861,1909,2820,2822,915,179,188,198,845,846,912,3705,3706,3702,143,135,123,112,146,612,606,117,83,600,592
DOWN,30300041,106,2,593,601,84,607,613,145,111,120,132,140,148,3703,3704,911,182,879,878,197,187,178,916,918,2819,1908,1860,1830,1833,1829,2757,2756,1826,1820,1817,1810,1800,1725,1639,1583,1586,1630,1631,1626,1621,1615,1609,1675,1744,1765,2949,2391,3071,3081,3073,3072,3124,3048,3022,3142
UP,30300042,107,2,631,920,246,493,264,265,244,222,211,213,240,269,270,2016,1999,1989,1967,1937,1929,1925,1912,1884,1880,1858,1852,1803,1796,1790,1840,1844,1847,2733,2947,2732,1766,1756,1747,2943,1687,2351,1612,1618,1572,2382,2375,2384
DOWN,30300042,107,2,2385,2374,2383,1573,1622,1616,2352,1688,2944,1748,1757,1784,1807,2948,1814,1848,1849,1843,1793,1798,1804,1853,1859,1881,1885,1913,1926,1930,1938,1968,1990,2000,2017,2046,268,241,234,216,212,223,235,245,266,267,494,253,919,632
UP,30300043,108,2,2379,2837,2838,1617,1625,1627,1633,1629,1598,1599,1600,1601,1605,1603,1604,1602,1642,1713,1768,1828,1867,1875,1874,1909,2820,2822,915,179,188,198,212,223,237,252,293,310,337,382,410,437,442,457,463,925,513,465,960,962,970,956,1036
DOWN,30300043,108,2,1008,1035,971,965,963,961,478,464,462,924,456,441,436,409,381,336,309,292,251,236,222,211,197,187,178,916,918,2819,1908,1862,1865,1866,1827,1767,1712,1641,1596,1591,1592,1587,1590,1580,1583,1586,1630,1631,1626,1621,1615,2835,2836,2380
UP,30300005,11,4,2826,2824,3151,2736,2737,2628,1622,1616,2352,2636,2635,1757,1855,2393,3071,3081,3073,3072,3124,3048,3120,3129,2399,2927,2933,3142,3143,2934,2926
DOWN,30300005,11,4,2398,3052,3043,3126,3046,2992,2993,3001,2991,2392,1854,1756,2632,2637,2351,1612,1618,2629,2734,2735,3152,2823,2825
UP,30300045,113,2,2746,2745,2166,2172,2173,2151,2144,2126,2100,2080,2043,2024,1997,1976,1955,1941,1916,1907,1886,1803,1794,1739,1647,1638,1631,1626,1621,1615,1609,1675,1744,1765,1766,1756,1747,2943,1687,2351,1612,1618,2629,2734,2735,3152,3049,2738,2936,3050
DOWN,30300045,113,2,3128,2935,2739,3127,3151,2736,2737,2628,1622,1616,2352,1688,2944,1748,1757,1784,1764,1753,1743,1674,1608,1617,1625,1627,1633,1664,1694,1742,1795,1804,1887,2654,2655,1942,2907,1956,1977,1986,1998,2025,2044,2081,2101,2127,2145,2152,2174,2171,2169,2161,2201,2202
UP,30300046,114,2,2843,2842,2324,2305,2318,2319,2592,2307,2287,2264,2250,2246,2218,2228,2249,2265,2266,2262,2409,2407,2403,2981,3009,3010,3012,3041,2979,2989,2990,3036,3037,2991,2390,2950,1764,1753,1743,1674,1608,1558,2372,2366,1488,1482,1483,1444,1428,1426,2798,2799,2862,2795,2861,2794,2789,2786,2788,3426,3455,3153,3154
DOWN,30300046,114,2,2863,2797,1421,1422,1445,1484,1494,1493,2368,2373,1562,1609,1675,1744,1765,2949,2391,3071,3114,3113,3070,3069,3059,3118,3092,3091,3091,3061,2402,2406,2408,2263,2264,2248,2215,2247,2257,2265,2288,2308,2591,2312,2315,2304,2325,2759,2762,2800,2860,2801,2793,2790,2785,3428,3425,3156,3157,3155
UP,30300047,115,2,2380,2951,2381,1569,1609,1675,1744,1765,2949,2391,3071,3081,3073,3072,3124,3048,3039,3118,3092,3089,3091,3061,2238,2227,2341,2205,2196,2191,2198,2203,2241,2640,2900,2868,2873,2331,2615,2884,2616
DOWN,30300047,115,2,2613,2614,2883,2330,2451,2869,2639,2899,2240,2202,2197,2187,2193,2206,2340,2220,2222,2237,2981,3009,3010,3012,3041,3116,3046,3126,2992,2993,3001,2991,2390,2950,1764,1753,1743,1674,1608,2730,2731,2952,2379
UP,30300048,116,2,3697,3698,3443,3449,3409,3342,3346,3420,3433,3430,3431,2793,2804,2808,2806,3439,2832,3435,2807,2803,2801,2860,2802,1421,1422,1445,1484,1494,1493,2368,2373,1561,1571,1660,1688,2944,1748,1757,1784,1807,2948,1814,1848,1849,1843,1793,1798,1804,1853,1859,1881,1878,1815,1769,1705,1634,1590,1580,1583,1584
DOWN,30300048,116,2,1557,1582,1600,1601,1635,1706,1770,1816,1879,1880,1858,1852,1803,1796,1790,1840,1844,1847,2733,2947,2732,1766,1756,1747,2943,1687,1659,1570,1560,2372,2366,1488,1482,1483,1444,1428,1426,2796,2795,2861,2804,2808,2806,3439,2832,3435,2807,2803,2794,2805,3429,3434,3421,3345,3341,3406,3452,3442,3395,3696
UP,30300108,117,2,2380,2951,2381,1569,1609,1675,1744,1765,1766,1756,2632,2633,1570,1560,1519,2892,2848,2832,3435,2807,2803,1424,1445,1484,1485,1489,3076,2629,2734,2735,3152,3049,2738,2936,3050
DOWN,30300108,117,2,3128,2935,2739,3127,3151,2736,2737,2628,2996,1495,1492,1483,1444,1423,1415,2804,2808,2806,3439,2849,1520,2893,1561,1571,2634,2635,1757,1784,1764,1753,1743,1674,1608,2730,2731,2952,2379
UP,30300049,119,2,3697,3698,3443,3449,3409,3342,3346,3420,3433,3428,2785,2790,2793,2801,2860,2802,1450,1487,2368,2373,1562,1609,1675,1744,1765,1807,2948,1814,1848,1849,1843,1793,1798,1890,2658,2659,2002,2954,2029,2032,2047,2081,2101,2127,2145,2152,2174,2171,2169,2161,2149,2143,2137,2120,376,1003,373,401,403,418,437,442,503
DOWN,30300049,119,2,431,501,386,394,408,411,399,400,372,374,1002,383,2134,2140,2146,2158,2166,2172,2173,2151,2144,2126,2100,2080,2045,2031,2028,2953,2001,2656,2657,1889,1796,1790,1840,1844,1847,2733,2947,2732,1764,1753,1743,1674,1608,1558,2372,2366,1486,1449,2796,2795,2861,2794,2789,2786,2788,3434,3421,3345,3341,3406,3452,3442,3395,3696
UP,30300050,121,2,1010,3436,3401,3397,3441,3338,3377,3379,3453,3391,1407,4,1432,1434,2977,1435,1464,1496,1559,1564,2378,2381,1569,1609,1675,1744,1765,1766,1756,1747,2943,1687,2351,1612,1613,1533,1483,1444,1423,1415,2804,2808,2806,3439,2849,1406,2942,1402,1397,2707
DOWN,30300050,121,2,3412,1396,1398,2941,1404,2848,2832,3435,2807,2803,1424,1445,1484,1534,1614,1616,2352,1688,2944,1748,1757,1784,1764,1753,1743,1674,1608,2730,2731,3150,2698,2699,1466,1438,2978,1439,1433,1420,1,2558,3380,3376,3372,3398,3440,3402,3403,3437
UP,30300002,2,1,3568,3569,3562,3501,3572,3573,3534,3543,3549,3555,3552,3504,3502,3539,3578,3579,3518,3508,730,470,1022,663,661,670,676,516,517,688,698,705,529,533,539,907,923,906,1020,9,15,19,34,52,62,67,77,89,103,109,111,120,132,171,1162,190,208,243,246,493,264,297,313,359,388,426,440,457,463,933,928,987,927
DOWN,30300002,2,1,462,924,456,439,425,387,358,312,296,267,494,253,242,207,189,1163,170,135,123,112,108,102,88,76,66,61,51,33,18,14,8,0,1019,905,908,922,538,532,528,704,699,871,870,706,707,669,662,847,1021,848,729,3515,3522,3528,3536,3503,3505,3553,3554,3548,3542,3533,3574,3575,3500,3561,3566,3567
UP,30300136,200,2,3679,3683,3684,3680,3681,3682,3677,3913,3914,3915,3916,2430,2267,2238,2227,2341,2205,2196,2171,2169,2161,2149,2143,2137,2120,376,1003,348,330,306,290,267,494,253,263,287,638,751,752,256,224,728
DOWN,30300136,200,2,727,229,257,749,750,637,286,262,246,493,264,291,303,331,345,374,1002,383,2134,2140,2146,2158,2166,2172,2193,2206,2340,3907,2237,2268,2431,3908,3909,3910,3911,3679,3912
UP,69690116,2002,9,4261,4261,4261,4262,4262,4262,4263,4263,4263,4264,4264,4264,4264,4264,4264,4264,4265,4265,4265,4265,4266,4266,4266,4267,4267,4267,4267,4268,4268,4268,4268,4269,4269,4270,4270,4271,4271,4271,4272,4272,4272,4272,4273,4273,4273,4273,4273,4274,4274,4274,4274,4274,4274,4274,4274,4274,4274,4275,4275,4275,4276,4276,4277,4277,4278,4278,4278,4279,4279,4279,4280,4280,4280,4280,4281,4281,4281,4281,4282,4282,4282,4282,4282,4282,4283,4283,4283,4283,4283,4283,4283,4283,4284,4284,4284,4284,4285,4285,4286,4286,4286,4286,4287,4287,4287,4288,4288,4288,4289,4289,4289,4289,4289,4289,4290,4290,4290,4291,4291,4291,4291,4291,4292,4292,4292,4293,4293,4293,4294,4294,4295,4295,4295,4295,4295,3966,3966,3966,3966,3966,3967,3967,3967,3967,3967,3967,3967,3967,3967,3968,3968,3968,3968,3968,3968,3968,3969,3969,3969,3969,3969,3969,3969,3970,3970,3970,3970,3970,3970,3970,3970,3970,3970,4296,4296,4296,4296,4296,4296,4296,4296,3971,3971,3971,3971,3971,3972,3972,3972,3972,3972,3972,4297,4297,4298,4298,4299,4299,3973,3973,3973,3973,3974,3974,3974,3975,3975,3975,3975,3975,3976,3976,3976,3976,3976,4300,4300,4300,4300,4300,3977,3977,3977,3977,3978,3978,3978,3978,3978,3978,3978,3979,3979,3979,3979,3979,3979,3979,3979,4301,4301,4301,4301,4301,4301,3980,3980,3980,3980,3980,3980,3980,3980,4302,4302,4303,4303,4303,4303,4303,4304,4304,4304,4304,4304,4304,4304,4304,4305,4305,4306,4306,4306,3986,3986,3986,3986,3987,3987,3987,3987,3987,3987,3987,3987,3987,3987,3987,3987,3987,3987,3987,3987,3988,3988,3988,3988,3988,3988,3988,3988,3988,3988,3988,3988,3988,3988,3988,3988,3988,3988,3988,3988,3988,3988,3988,3988,3989,3989,3989,3989,3989,3989,3989,3989,3989,3989,3990,3990,3990,3991,3991,3992,3992,3992,3992,3992,3992,3992,3992,3992,3992,3992,3992,3992,3992,3992,3992,3992,3992,3992,3992,3992,3992,3992,3992,3992,3993,3993,3993,3993,3993,3993,3993,3993,3993,3993,3993,3993,3993,3993,3993,3993,3993,3993,3993,3993,3993,3993,3993,3993,3993,3993,3993,3993,3993,3993,3993,3993,3993,3993,3993,3993,3993,3993,3993,3993,3993,3993,3994,3994,3994,3994,3994,3994,3994,3994,3994,3994,3994,3994,3994,3994,3994,3994,3994,3994,3994,3994,3994,3995,3995,3995,3995,3995,3996,3996,3997,3997,3997,3997,3997,3997,3997,3997,4062,4062,4062,4062,4062,4062,4062,4062,4062,4062,4062,4062,4062,4063,4063,4063,4063,4063,4063,4063,4063,4063,4063,4064,4064,4064,4064,4064,4064,4064,4064,4064,4064,4064,4064,4064,4064,4064,4064,4064,4064,4064,4064,4064,4064,4064,4064,4064,4064,4064,4064,4064,4064,4064,4064,4065,4065,4065,4065,4065,4065,4065,4065,4065,4065,4065,4065,4065,4066,4066,4066,4066,4066,4066,4066,4066,4066,4067,4067,4067,4067,4067,4067,4067,4091,4091,4091,4091,4091,4091,4091,4091,4092,4092,4092,4069,4069,4069,4069,4069,4070,4070,4070,4070,4070,4070,4070,4070,4070,4070,4070,4070,4070,4070,4070,4070,4070,4070,4070,4070,4070,4070,4070,4070,4071,4071,4071,4071,4072,4072,4072,4072,4072,4072,4072,4072,4072,4072,4015,4015,4015,4073,4073,4073,4073,4073,4073,4073,4073,4073,4073,4073,4101,4101,4101,4101,4101,4101,4101,4101,4101,4102,4102,4102,4103,4103,4103,4103,4104,4104,4104,4104,4104,4104,4104,4104,4307,4307,4307,4307,4307,4307,4307,4307,4307,4307,4307,4307,4307,4307,4307,4307,4307,4307,4307,4307,4307,4307,4307,4307,4307,4307,4307,4307,4307,4307,4307,4307,4307,4307,4307,4195,4195,4195,4195,4195,4195,4195,4196,4196,4196,4196
DOWN,69690116,2002,9,4197,4197,4197,4197,4197,4197,4197,4197,4197,4197,4197,4197,4197,4197,4197,4197,4197,4197,4197,4197,4197,4197,4216,4216,4216,4216,4216,4216,4216,4216,4216,4216,4216,4216,4216,4216,4216,4216,4216,4216,4110,4110,4110,4110,4217,4217,4217,4217,4217,4217,4217,4217,4217,4217,4217,4217,4217,4217,4217,4217,4217,4217,4217,4217,4217,4217,4217,4217,4217,4201,4201,4201,4201,4201,4201,4201,4201,4201,4202,4202,4202,4202,4202,4202,4202,4202,4202,4018,4018,4018,4018,4018,4018,4018,4018,4018,4018,4018,4018,4019,4019,4020,4020,4020,4020,4020,4020,4020,4020,4021,4021,4021,4021,4021,4021,4021,4022,4022,4022,4022,4022,4022,4022,4022,4022,4022,4022,4022,4022,4022,4022,4022,4022,4022,4022,4022,4022,4022,4022,4022,4022,4022,4022,4023,4023,4023,4023,4089,4089,4090,4090,4090,4090,4090,4090,4090,4090,4090,4025,4025,4025,4025,4025,4025,4025,4026,4026,4026,4026,4026,4026,4026,4026,4026,4027,4027,4027,4027,4027,4027,4027,4027,4027,4027,4027,4027,4027,4027,4027,4027,4028,4028,4028,4028,4028,4028,4028,4028,4028,4028,4028,4028,4028,4028,4028,4028,4028,4028,4028,4028,4028,4028,4028,4028,4028,4028,4028,4028,4028,4028,4028,4028,4028,4028,4028,4028,4028,4028,4028,4028,4028,4029,4029,4029,4029,4029,4029,4029,4029,4029,4029,4029,4029,4030,4030,4030,4030,4030,4030,4030,4030,4030,4030,4030,4030,4030,4030,4030,4030,4030,3926,3926,3926,3926,3926,3926,3926,3926,3927,3927,3928,3928,3928,3928,3929,3929,3929,3929,3929,3929,3929,3929,3929,3929,3929,3929,3929,3929,3929,3929,3929,3930,3930,3930,3930,3930,3930,3930,3930,3930,3930,3930,3930,3930,3930,3930,3930,3930,3930,3930,3930,3930,3930,3930,3930,3930,3930,3930,3930,3930,3930,3930,3930,3930,3930,3930,3930,3930,3930,3930,3930,3930,3930,3930,3930,3930,3930,3931,3931,3931,3931,3931,3931,3931,3931,3931,3931,3931,3931,3931,3931,3931,3931,3931,3931,3931,3931,3931,3931,3932,3932,3933,3933,3934,3934,3934,3934,3934,3934,3934,3934,3934,3935,3935,3935,3935,3935,3935,3935,3935,3935,3935,3935,3935,3935,3935,3935,3935,3935,3935,3935,3935,3935,3935,3935,3935,3935,3935,3935,3936,3936,3936,3936,3936,3936,3936,3936,3936,3936,3936,3936,3936,3936,3936,3936,3936,3937,3937,3937,4218,4218,4218,4219,4219,4219,4220,4220,4220,4220,4220,4220,4220,4220,3944,3944,3944,3944,3944,3944,4221,4221,3945,3945,3945,3945,3945,3945,3945,3945,3945,3945,3945,3946,3946,3946,3946,3946,3946,3946,3947,3947,3947,3947,3947,3947,3947,3947,3947,3948,3948,3948,3948,3948,3948,3949,3949,3949,4222,4222,4222,3950,3950,3950,3950,3950,3950,3950,3950,3950,3951,3951,3951,3951,3951,3951,3951,3951,3952,3952,3953,3953,3953,4223,4223,4223,4223,4223,4224,4224,4225,4225,3954,3954,3954,3954,3955,3955,3955,3955,3955,3955,4226,4226,4226,4226,4226,4226,4226,4226,4226,4226,4226,3956,3956,3956,3956,3956,3956,3956,3956,3956,3956,3957,3957,3957,3957,3957,3957,3957,3957,3957,3958,3958,3958,3958,3958,3958,3958,3958,3959,3959,3959,3959,3959,3959,3959,3959,3960,3960,3960,3961,3961,3961,3961,3961,4227,4227,4228,4228,4229,4229,4229,4230,4230,4230,4230,4230,4231,4231,4232,4232,4232,4232,4233,4233,4233,4234,4234,4234,4235,4235,4235,4235,4236,4236,4236,4236,4237,4237,4237,4238,4238,4238,4238,4238,4238,4239,4239,4239,4239,4239,4239,4239,4240,4240,4240,4240,4241,4241,4241,4241,4242,4242,4242,4242,4243,4243,4244,4244,4245,4245,4245,4246,4246,4246,4247,4247,4247,4247,4247,4247,4247,4247,4247,4248,4248,4248,4248,4248,4249,4249,4249,4249,4249,4250,4250,4250,4251,4251,4252,4252,4253,4253,4253,4254,4254,4254,4254,4255,4255,4256,4256,4256,4257,4257,4257,4257,4257,4257,4258,4258,4259,4259,4259,4260,4260,4260
UP,30300051,201,2,2843,2841,2321,2427,2425,2283,2299,2305,2318,2319,2592,2307,2287,2264,2250,2246,2218,2228,2249,2265,2266,2262,2409,2407,2403,2238,2227,2341,2205,2196,2171,2169,2161,2149,2143,2137,2120,376,1003,348,330,306,290,267,494,253,242,207,189,1163,170,135,123,112,106,603,827,831
DOWN,30300051,201,2,765,766,107,111,120,132,171,1162,190,208,243,246,493,264,291,303,331,345,374,1002,383,2134,2140,2146,2158,2166,2172,2193,2206,2340,2220,2222,2237,2402,2406,2408,2263,2264,2248,2215,2247,2257,2265,2288,2308,2591,2312,2315,2304,2298,2282,2421,2426,2322,2327,2842,2759,2762
UP,30300052,202,2,631,229,741,1091,742,184,1162,190,208,243,246,493,264,291,303,331,345,374,1002,383,2134,2140,2146,2158,2166,2172,2193,2206,2340,2220,2222,2237,2402,2406,2408,2263,2269,2273,2276,2694,2695,2325,2759,2762,2839,2454,2524,3125,2975,2528,2486,2491,2499,2513,2905,2772,3102,2506,2500,2488,2478,2553,2460,2461,2449,2446,2440,2878,2424,2420,2435
DOWN,30300052,202,2,2436,2437,2419,2441,2877,2443,2445,2462,2459,2554,2479,2489,2501,2507,3024,2771,2906,2512,2496,2529,2976,3047,2525,2455,2761,2840,2760,2324,2692,2693,2277,2274,2275,2272,2266,2262,2409,2407,2403,2238,2227,2341,2205,2196,2171,2169,2161,2149,2143,2137,2120,376,1003,348,330,306,290,267,494,253,242,207,189,1163,185,743,1090,744,224,632
UP,30300131,203,2,2760,3903,3904,2305,2318,2329,3905,3163,3164,3727,3166,2307,2287,2264,2248,3906,2980,3014,3170,3012,3041,3040,2954,2812,2813,2814,1899,1878,1815,1769,1705,1671,1715,2752,2747,2831
DOWN,30300131,203,2,2750,1826,1818,1771,1714,1645,1706,1770,1816,1879,1900,2809,2810,2811,2953,3117,3118,3092,3171,3094,3060,2228,2249,2265,2288,2308,3165,3167,3168,3169,3900,2328,2315,2304,3901,3902,2326,2844
UP,30300006,21,4,2746,2745,2166,2172,2193,2206,2340,2220,2222,2237,2402,2406,2415,2433,2473,2533,2535,2536,2607,2611,2540,2538,2543,2932,3672,3673,3674,3675,3676
DOWN,30300006,21,4,2742,2542,2539,2541,2612,2610,2537,2534,2532,2472,2432,2414,2407,2403,2238,2227,2341,2205,2196,2171,2169,2161,2201,2202,3667,3668,3669,3670,3671
UP,30300053,211,2,2834,2571,2578,2961,2584,2585,2590,2405,2567,2568,2427,2425,2283,2299,2305,2318,2313,2296,2293,2275,2272,2266,2262,2409,2407,2403,2238,2227,2341,2205,2196,2173,2151,2144,2126,2100,2080,2043,2022,2008,1991,1978,1967,1937,1929,1925,1912,1884,1878,1815,1769,1705,1634,1605,1644,1645
DOWN,30300053,211,2,1706,1770,1816,1879,1885,1913,1926,1930,1938,1968,1979,1992,2009,2023,2044,2081,2101,2127,2145,2152,2174,2193,2206,2340,2220,2222,2237,2402,2406,2408,2263,2269,2273,2294,2295,2314,2315,2304,2298,2282,2421,2426,2566,2565,2404,2589,2588,2583,2962,2577,2570,2833
UP,30300127,212,2,2834,2571,2578,2961,2584,2585,2590,2401,2400,2405,2567,2568,2427,2425,2283,2299,2305,3725,3726,3163,3164,3727,3166,2307,2287,2262,2409,2407,2403,2268,2431
DOWN,30300127,212,2,2430,2267,2402,2406,2408,2263,2288,2308,3165,3167,3168,3169,3724,3161,2304,2298,2282,2421,2426,2566,2565,2404,2401,2400,2589,2588,2583,2962,2577,2570,2833
UP,30300101,216,2,2843,2841,2321,2427,2425,2283,2299,2305,2318,2313,2296,2293,2275,2272,2266,2262,2409,2407,2403,2238,2227,2341,2209,2244,2245,2339,2124,2094,2648,2649,2812,2813,2814,1899,1878,1815,1769,1705,1671,1715,2752,2747,2831,2750
DOWN,30300101,216,2,1826,1818,1771,1714,1645,1706,1770,1816,1879,1900,2809,2810,2811,2037,2070,2095,2125,2338,2254,2243,2208,2340,2220,2222,2237,2402,2406,2408,2263,2269,2273,2294,2295,2314,2315,2304,2298,2282,2421,2426,2322,2327,2842,2759,2762
UP,30300007,22,4,3679,2674,2679,2712,2713
DOWN,30300007,22,4,2714,2715,2678,2677,3677,3678
UP,30300008,23,4,3679,3683,3684,2599,2600,2708,2970,3101,3054,3055
DOWN,30300008,23,4,3131,3130,3139,2969,2709,2601,2602,3680,3681,3682,3677,3678
UP,30300009,24,4,3679,3683,3686,3687,2611,2717
DOWN,30300009,24,4,2716,2612,2610,3685,3682,3677,3678
UP,30300010,25,4,3679,2720
DOWN,30300010,25,4,2721,3677,3678
UP,30300011,26,4,3679,3683,3686,3687,2608,2624,2622
DOWN,30300011,26,4,2622,2623,2609,2610,3685,3682,3677,3678
UP,30300012,27,4,2746,2745,2166,2172,2193,2206,2340,2686,2687,2410,2417,2429,2477,2724,2726,2535
DOWN,30300012,27,4,2534,2727,2725,2476,2691,2412,2684,2685,2341,2205,2196,2171,2169,2161,2201,2202
UP,30300104,3,1,2843,2842,2324,2692,2693,2277,2274,2275,2272,2266,2262,2409,2407,2403,2981,3009,3010,3012,3041,2979,2989,2990,3042,3035,1848,1849,1843,1793,1798,1804,1853,1859,1881,1878,1815,1769,1705,1634,1605,1644
DOWN,30300104,3,1,1645,1706,1770,1816,1879,1880,1858,1852,1803,1796,1790,1840,1844,1847,3112,3119,3070,3069,3059,3118,3092,3089,3091,3061,2402,2406,2408,2263,2269,2273,2276,2694,2695,2325,2759,2762
UP,30300003,3,5,3662,3663,3360,3370,3384,3387,3390,3392,2939,1400,1404,1520,2893,1561,1571,1660,1688,2944,1748,1757,1855,2388,2945,2619,3149,2929,3664,3665,3666,3158,3128,2397,2575,2846,2576,2571,2578,2961,2584,2585,2590,2405,2567,2568,2427,2425,2317,2320
DOWN,30300003,3,5,2323,2316,2421,2426,2566,2565,2404,2589,2588,2583,2962,2577,2570,2573,2574,2845,2396,3128,3158,3658,3659,3660,2847,3148,2928,2946,2389,1854,1756,1747,2943,1687,1659,1570,1560,1519,2892,1406,1399,2940,2559,3389,3386,3383,3368,3359,3356,3661
UP,30300013,30,4,1008,1035,971,965,963,961,652,811,817,814,726,2931,2875,2911,2910,2909,2330,2451,2869,2639,2899,2242,2229,2226,2210,2183,2170,427,422,1005,407,400,372,348,332,342,339,328,314,498,286
DOWN,30300013,30,4,262,246,493,264,291,303,331,345,373,401,404,421,1004,428,433,2184,2223,2230,2239,2640,2900,2868,2873,2331,2594,2911,2910,2908,2930,2598,815,818,812,651,465,960,962,970,956,1036
UP,69690115,300,2,4211,4211,4211,4211,4211,4211,4211,4211,4211,4211,4211,4211,4099,4099,4099,4099,4099,4099,4099,4099,4099,4099,4100,4100,4100,4100,4100,4100,4100,4100,4100,4100,4100,4100,4100,4100,4100,4100,4100,4100,4100,4100,4100,4100,4100,4096,4096,4096,4096,4096,4096,4096,4096,4096,4096,4096,4096,4096,4096,4096,4096,4096,4096,4097,4097,4097,4097,4097,4097,4097,4097,4097,4097,4097,4097,4097,4097,4097,4097,4097,4097,4097,4097,4097,4097,4097,4097,4097,4097,4097,4097,4097,4097,4097,4097,4097,4097,4097,4097,4097,4097,4097,4097,4097,4097,4097,4097,4097,4097,4097,4097,4097,4097,4097,4097,4097,4097,4097,4097,4097,4097,4097,4097,4097,4097,4097,4097,4097,4097,4097,4097,4097,4097,4097,4097,4097,4097,4097,4097,4097,4097,4097,4097,4097,4097,4097,4097,4097,4097,4097,4084,4084,4084,4084,4084,4084,4084,4084,4084,4084,4084,4084,4084,4084,4084,4084,4084,4084,4084,4084,4084,4084,4084,4084,4084,4084,4084,4084,4084,4084,4084,4084,4084,4084,4084,4084,4084,4084,4084,4084,4084,4084,4084,4084,4084,4084,4084,4084,4084,4084,4084,4084,4084,4084,4084,4084,4084,4084,4084,4084,4084,4084,4084,4084,4084,4084,4084,4084,4084,4084,4084,4084,4084,4084,4084,4084,4084,4084,4084,4084,4084,4084,4084,4084,4084,4084,4085,4085,4085,4085,4085,4085,4085,4085,4085,4085,4085,4085,4085,4085,4085,4085,4085,4085,4085,4085,4212,4212,4212,4212,4212,4212,4212,4212,4212,4212,4212,4212,4212,4212,4212,4212,4212,4212,4212,4212,4212,4213,4213,4213,4213,4213,4213,4213,4213,4213,4213,4213,4064,4064,4064,4064,4064,4064,4064,4064,4064,4064,4064,4064,4064,4064,4064,4064,4064,4064,4064,4064,4064,4064,4064,4064,4064,4064,4064,4064,4064,4064,4064,4064,4065,4065,4065,4065,4065,4065,4065,4065,4065,4065,4065,4065,4065,4066,4066,4066,4066,4066,4066,4066,4066,4066,4067,4067,4067,4067,4067,4067,4067,4091,4091,4091,4091,4091,4091,4091,4091,4092,4092,4092,4069,4069,4069,4069,4069,4070,4070,4070,4070,4070,4070,4070,4070,4070,4070,4070,4070,4070,4070,4070,4070,4070,4070,4070,4070,4070,4070,4070,4070,4071,4071,4071,4071,4072,4072,4072,4072,4072,4072,4072,4072,4072,4072,4015,4015,4015,4073,4073,4073,4073,4073,4073,4073,4073,4073,4073,4073,4074,4074,4074,4074,4074,4074,4074,4074,4074,4074,4074,4074,4074,4074,4074,4074,4074,4074,4074,4214,4214,4214,4214,4214,4214,4214,4214,4214,4214,4214,4214,4214,4214,4214,4214,4214,4214,4214,4214,4214,4214,4214,4214,4214,4214,4214,4214,4214,4214,4214,4214,4214,4214,4214,4214,4214,4214,4214,4214,4215,4215,4215,4215,4215,4215,4215,4215,4215,4215,4215,4215,4215,4215,4215,4215,4215,4215,4215,4215,4215,4215,4215,4215,4215,4215,4215,4215,4215,4215,4215,4215,4215,4215,4215,4215,4215,4215,4215,4215,4215,4215,4215,4215,4215,4215,4215,4215,4215,4215,4215,4215,4215,4215,4215,4215,4215,4215,4215,4215,4215,4215,4215,4215,4215,4215,4215
DOWN,69690115,300,2,4205,4205,4205,4205,4205,4205,4205,4205,4205,4205,4205,4205,4205,4205,4205,4205,4205,4205,4205,4205,4205,4205,4205,4205,4205,4205,4205,4205,4205,4205,4205,4205,4205,4205,4205,4205,4205,4205,4205,4205,4205,4205,4205,4205,4205,4205,4009,4009,4009,4009,4009,4009,4009,4009,4009,4009,4009,4009,4009,4009,4009,4009,4009,4009,4009,4009,4009,4009,4009,4009,4009,4009,4009,4009,4009,4009,4009,4009,4009,4009,4009,4009,4009,4009,4009,4009,4009,4009,4009,4009,4009,4009,4009,4009,4009,4009,4009,4010,4010,4010,4010,4010,4010,4010,4010,4010,4010,4010,4010,4010,4010,4010,4010,4010,4010,4010,4010,4010,4010,4010,4010,4010,4010,4010,4010,4010,4010,4010,4010,4010,4010,4010,4010,4010,4010,4010,4010,4010,4010,4010,4010,4010,4010,4010,4010,4010,4010,4010,4010,4010,4010,4010,4010,4010,4010,4010,4206,4206,4206,4206,4206,4206,4206,4206,4206,4206,4206,4206,4206,4206,4206,4206,4206,4206,4206,4206,4206,4206,4206,4206,4206,4206,4206,4206,4206,4206,4206,4206,4206,4206,4206,4206,4206,4206,4206,4206,4206,4206,4206,4008,4008,4008,4008,4008,4008,4008,4008,4008,4008,4008,4008,4008,4008,4008,4008,4008,4008,4008,4008,4008,4008,4008,4008,4008,4008,4008,4008,4008,4008,4008,4008,4008,4008,4008,4008,4008,4207,4207,4207,4207,4207,4207,4207,4207,4207,4207,4207,4207,4207,4207,4207,4207,4207,4207,4207,4207,4207,4207,4207,4207,4207,4207,4207,4207,4207,4207,4207,4207,4207,4017,4017,4017,4017,4017,4017,4017,4017,4017,4017,4017,4017,4017,4017,4017,4017,4017,4018,4018,4018,4018,4018,4018,4018,4018,4018,4018,4018,4018,4019,4019,4020,4020,4020,4020,4020,4020,4020,4020,4021,4021,4021,4021,4021,4021,4021,4022,4022,4022,4022,4022,4022,4022,4022,4022,4022,4022,4022,4022,4022,4022,4022,4022,4022,4022,4022,4022,4022,4022,4022,4022,4022,4022,4023,4023,4023,4023,4089,4089,4090,4090,4090,4090,4090,4090,4090,4090,4090,4025,4025,4025,4025,4025,4025,4025,4026,4026,4026,4026,4026,4026,4026,4026,4026,4027,4027,4027,4027,4027,4027,4027,4027,4027,4027,4027,4027,4027,4027,4027,4027,4028,4028,4028,4028,4028,4028,4028,4028,4028,4028,4028,4028,4028,4028,4028,4028,4028,4028,4028,4028,4028,4028,4028,4028,4028,4028,4028,4028,4028,4028,4028,4028,4028,4028,4028,4028,4028,4028,4028,4028,4028,4029,4029,4029,4029,4029,4029,4029,4029,4029,4029,4029,4029,4030,4030,4030,4030,4030,4030,4030,4030,4030,4030,4030,4030,4030,4030,4030,4030,4030,4062,4062,4062,4062,4062,4062,4062,4062,4062,4062,4062,4062,4062,4063,4063,4063,4063,4063,4063,4063,4063,4063,4063,4208,4208,4208,4208,4208,4208,4208,4208,4208,4209,4209,4209,4209,4209,4209,4209,4209,4209,4209,4210,4210,4210,4210,4210,4210,4210,4210,4210,4210,4210,4210,4210
UP,30300054,301,2,3568,3569,3562,3501,3572,3573,3534,3543,3549,3555,3603,3605,3595,3590,3586,3499,3393,2564,1410,1431,1455,1461,1472,1498,1545,1589,1635,1706,1770,1816,1879,1900,2809,2810,2811,2037,2070,2095,2125,2338,2254,2261,2260,2256,2640,2900,2868,2873,2331,2615,2884,2616
DOWN,30300054,301,2,2613,2614,2883,2330,2451,2869,2639,2899,2251,2255,2258,2259,2245,2339,2124,2094,2648,2649,2812,2813,2814,1899,1878,1815,1769,1705,1634,1588,1544,1497,1471,1460,1454,1430,1409,2563,2561,3333,3556,3589,3594,3606,3604,3554,3548,3542,3533,3574,3575,3500,3561,3566,3567
UP,30300014,31,4,2201,2241,2640,2900,2868,2873,2331,2594,2908,2930,2595,725,2598,815,818,812,651,478,464,460,931,986,930,929,449,1043,431,354,319,286,262,246,493,264,297,313,314,498
DOWN,30300014,31,4,320,355,420,432,443,450,1044,459,926,461,928,987,927,513,652,811,817,814,726,2595,725,2931,2875,2909,2330,2451,2869,2639,2899,2240,2202,2746,2745,2161
UP,30300055,311,2,3708,907,923,906,1020,9,15,19,24,28,29,39,588,591,713,715,595,601,84,607,611,615,626,221,255,749,750,637,286,262,246,493,264,291,310,337,338,329,345,374,1002,1001,433,2184,2207,452,458,2231,2234,2239,2640,2900,2868,2873,2331,2615,2884,2616
DOWN,30300055,311,2,2613,2614,2883,2330,2451,2869,2639,2899,2242,2235,2236,451,448,2183,2170,1000,376,1003,348,332,342,336,309,290,267,494,253,263,287,638,751,752,254,1158,625,614,610,606,117,83,600,594,714,712,590,587,38,26,27,23,18,14,8,0,1019,905,908,922,3707
UP,30300056,312,2,3143,3099,3126,3046,2992,2993,3001,2991,2392,2388,2945,2386,2944,1748,1757,1784,1807,2948,1814,1848,1849,1843,1793,1798,1890,2658,2659,2002,2954,2037,2070,2095,2125,2131,2132,2145,2152,2174,2191,2198,2203,2241,2251,2255,2258,2300,2896,2871,2872,2763
DOWN,30300056,312,2,2458,2450,2870,2301,2895,2260,2256,2240,2202,2197,2187,2173,2151,2144,2128,2123,2124,2094,2648,2649,2953,2001,2656,2657,1889,1796,1790,1840,1844,1847,2733,2947,2732,1766,1756,1747,2943,2387,2946,2389,2393,3071,3081,3073,3072,3124,3048,3022,3142
UP,30300057,313,2,893,894,390,413,416,384,363,353,354,319,286,262,246,493,264,291,310,337,382,410,411,399,404,421,1004,428,433,2184,2223,2230,2239,2640,2900,2868,2872,2468,2886,2467,2887,2763
DOWN,30300057,313,2,2458,2450,2869,2639,2899,2242,2229,2226,2210,2183,2170,427,422,1005,407,403,418,409,381,336,309,290,267,494,253,263,287,320,355,360,364,385,417,419,393,896,895
UP,30300058,314,2,2614,2883,2330,2451,2870,2919,2912,2914,2301,2895,2260,2256,2240,2204,2192,2182,2176,2137,2120,376,1003,348,330,306,290,267,494,253,242,207,191,176,160,480,110,104,73,70,66,63,761,762,2616
DOWN,30300058,314,2,2613,574,570,808,810,55,759,760,60,67,68,69,105,479,161,177,192,208,243,246,493,264,291,303,331,345,374,1002,383,2134,2177,2179,2188,2199,2241,2884,2255,2258,2300,2896,2915,2913,2918,2871,2873,2331,2615,2256
UP,30300059,315,2,2613,2614,2883,2330,2451,2869,2639,2899,2242,2229,2226,2210,2183,2170,427,422,1005,407,400,372,346,317,280,270,2016,1999,1989,1967,1937,1929,1925,1912,1884,1878,1815,1769,1705,1634,1590,1580,1640,1726,1736
DOWN,30300059,315,2,1733,1770,1816,1879,1885,1913,1926,1930,1938,1968,1990,2000,2017,2046,281,318,347,373,401,404,421,1004,428,433,2184,2223,2230,2239,2640,2900,2868,2873,2331,2615,2884,2616
UP,30300060,316,2,1020,11,1027,783,1026,1074,785,1137,1118,567,569,2363,2370,2371,1081,582,1082,1085,58,75,82,92,129,130,115,97,506,1663,1722,1775,1832,1833,1829,2757,2756,1826,1820,1879,1885,1913,1926,1930,1938,1968,1979,1992,2009,2023,2053,2066,2075,2113,2148,2201,2241,2251,2255,2258,2300,2896,2915,2913,2918,2871,2872,2468,2886
DOWN,30300060,316,2,2467,2887,2450,2870,2919,2912,2914,2301,2895,2260,2256,2240,2200,2147,2112,2074,2065,2052,2022,2008,1991,1978,1967,1937,1929,1925,1912,1884,1878,1835,1834,1838,1839,1836,1831,1774,1721,1667,2356,98,116,131,128,91,81,74,59,1084,1083,580,1080,589,2369,2364,2362,568,1148,1107,786,1075,781,1025,10,1028,0
UP,30300061,317,2,631,920,263,287,638,751,752,256,741,1091,742,184,1162,190,200,199,182,879,878,213,240,269,277,2059,2071,2670,2671,2111,2148,2149,2143,2137,2120,1001,447,444,422,1005,407,403,397,352,336,309,290,267,494,253,919,632
DOWN,30300061,317,2,631,920,246,493,264,291,310,337,349,398,399,404,421,1004,445,446,1000,383,2134,2140,2146,2147,2110,2668,2669,2076,2062,2056,268,241,234,216,845,846,201,202,189,1163,185,743,1090,744,257,749,750,637,286,262,919,632
UP,30300062,318,2,2613,2614,2883,2330,2451,2869,2639,2899,2240,2204,2192,2182,2176,2135,2105,2662,2663,2060,2012,1999,1989,1967,1937,1929,1925,1912,1884,1878,1815,1769,1705,1634,1588,1544,1497,1471,1460,1454,1430,1409,1401,2707
DOWN,30300062,318,2,3412,1403,1410,1431,1455,1461,1472,1498,1545,1589,1635,1706,1770,1816,1879,1885,1913,1926,1930,1938,1968,1990,2000,2013,2061,2664,2665,2104,2136,2177,2179,2188,2199,2241,2640,2900,2868,2873,2331,2615,2884,2616
UP,30300015,32,4,2201,2241,2640,2900,2868,2873,2331,2594,2908,2930,2595,725,2598,653
DOWN,30300015,32,4,2546,726,2595,725,2931,2875,2909,2330,2451,2869,2639,2899,2240,2202,2746,2745,2161
UP,30300097,33,4,920,263,287,497,311,327,335,338,329,345,374,1002,1001,433,2175,2179,2188,2199,2241,2242,2235,3159,2594,2908,2876,2613,2614,2883
DOWN,30300097,33,4,1018,2875,2909,2239,2234,3160,2240,2204,2192,2182,2178,2170,1000,376,1003,348,332,342,339,328,314,498,286,262,919
UP,30300016,34,4,2201,2241,2640,2900,2868,2872,2468,2886,2332,3146,2765,2766
DOWN,30300016,34,4,2767,2764,3147,2333,2467,2887,2450,2869,2639,2899,2240,2202,2746,2745,2161
UP,30300017,41,4,2746,2745,2166,2172,2193,2206,2340,2220,2222,2237,2402,2406,2408,2263,2269,2273,2276,2694,2696,2282,2421,2426,2322,2327,2842,2759,2762,2839,2454,2456
DOWN,30300017,41,4,2457,2455,2761,2840,2760,2326,2841,2321,2427,2425,2283,2697,2693,2277,2274,2275,2272,2266,2262,2409,2407,2403,2238,2227,2341,2205,2196,2171,2169,2161,2201,2202
UP,30300018,42,4,2746,2745,2166,2172,2193,2206,2340,2220,2222,2237,2402,2406,2408,2263,2269,2273,2276,2694,2696,2282,2421,2426,2322,2327,2842,2759,2762,2839,2454,2524,2967,2522,2516
DOWN,30300018,42,4,2517,2523,2968,2525,2455,2761,2840,2760,2326,2841,2321,2427,2425,2283,2299,2692,2693,2277,2274,2275,2272,2266,2262,2409,2407,2403,2238,2227,2341,2205,2196,2171,2169,2161,2201,2202
UP,69690109,43,9,3964,3964,3964,3964,3964,3965,3965,3965,3965,3965,3966,3966,3966,3966,3966,3967,3967,3967,3967,3967,3967,3967,3967,3967,3968,3968,3968,3968,3968,3968,3968,3969,3969,3969,3969,3969,3969,3969,3970,3970,3970,3970,3970,3970,3970,3970,3970,3970,3971,3971,3971,3971,3971,3972,3972,3972,3972,3972,3972,3973,3973,3973,3973,3974,3974,3974,3975,3975,3975,3975,3975,3976,3976,3976,3976,3976,3977,3977,3977,3977,3978,3978,3978,3978,3978,3978,3978,3979,3979,3979,3979,3979,3979,3979,3979,3980,3980,3980,3980,3980,3980,3980,3980,3981,3981,3981,3982,3982,3982,3982,3983,3983,3983,3983,3983,3983,3984,3984,3984,3985,3985,3985,3985,3985,3985,3985,3985,3985,3985,3985,3985,3985,3985,3985,3986,3986,3986,3986,3987,3987,3987,3987,3987,3987,3987,3987,3987,3987,3987,3987,3987,3987,3987,3987,3988,3988,3988,3988,3988,3988,3988,3988,3988,3988,3988,3988,3988,3988,3988,3988,3988,3988,3988,3988,3988,3988,3988,3988,3989,3989,3989,3989,3989,3989,3989,3989,3989,3989,3990,3990,3990,3991,3991,3992,3992,3992,3992,3992,3992,3992,3992,3992,3992,3992,3992,3992,3992,3992,3992,3992,3992,3992,3992,3992,3992,3992,3992,3992,3993,3993,3993,3993,3993,3993,3993,3993,3993,3993,3993,3993,3993,3993,3993,3993,3993,3993,3993,3993,3993,3993,3993,3993,3993,3993,3993,3993,3993,3993,3993,3993,3993,3993,3993,3993,3993,3993,3993,3993,3993,3993,3994,3994,3994,3994,3994,3994,3994,3994,3994,3994,3994,3994,3994,3994,3994,3994,3994,3994,3994,3994,3994,3995,3995,3995,3995,3995,3996,3996,3997,3997,3997,3997,3997,3997,3997,3997,3998,3998,3998,3998,3998,3998,3998,3998,3998,3998,3998,3998,3999,3999,3999,3999,3999,3999,3999,3999,3999,3999,3999,4000,4000,4000,4000,4000,4000,4000,4000,4000,4000,4000,4000,4000,4000,4000,4000,4000,4000,4000,4000,4000,4000,4000,4000,4000,4000,4001,4001,4001,4001,4001,4001,4001,4001,4002,4002,4002,4002,4002,4003,4003,4003,4003,4003,4003,4003,4003,4003,4003,4003,4004,4004,4004,4004,4004,4005,4005,4005,4005,4006,4006,4006,4006,4006,4006,4006,4006,4006,4006,4006,4006,4006,4006,4006,4006,4006,4006,4006,4006,4006,4006,4006,4006,4006,4006,4006,4006,4006,4006,4006,4006,4006,4006,4006,4006,4006,4006,4006,4006,4006,4006,4006,4006,4006,4006,4006,4006,4006,4006,4006,4006,4006,4006,4006,4006,4006,4006,4006,4006,4006,4006,4006,4006,4006,4006,4006,4006,4006,4006,4006,4006,4006,4006,4006,4006,4006,4006,4006,4006,4006,4006
DOWN,69690109,43,9,3917,3917,3917,3917,3917,3917,3917,3917,3917,3917,3917,3917,3917,3917,3917,3917,3917,3917,3917,3917,3917,3917,3917,3917,3917,3917,3917,3917,3917,3917,3917,3917,3917,3917,3917,3917,3917,3917,3917,3917,3917,3917,3917,3917,3917,3917,3917,3917,3917,3917,3917,3917,3917,3917,3917,3917,3917,3917,3917,3917,3917,3917,3917,3917,3917,3917,3917,3917,3918,3918,3918,3919,3919,3919,3919,3919,3920,3920,3920,3920,3920,3920,3920,3920,3920,3920,3920,3920,3920,3920,3920,3920,3920,3920,3921,3921,3921,3921,3921,3921,3922,3922,3922,3922,3922,3922,3922,3923,3923,3923,3923,3923,3923,3923,3923,3923,3923,3923,3923,3923,3923,3923,3923,3923,3923,3923,3923,3923,3923,3923,3924,3924,3924,3924,3924,3924,3924,3924,3924,3924,3924,3924,3924,3924,3924,3924,3925,3925,3925,3925,3925,3925,3925,3925,3925,3925,3925,3925,3925,3925,3925,3925,3925,3925,3925,3926,3926,3926,3926,3926,3926,3926,3926,3927,3927,3928,3928,3928,3928,3929,3929,3929,3929,3929,3929,3929,3929,3929,3929,3929,3929,3929,3929,3929,3929,3929,3930,3930,3930,3930,3930,3930,3930,3930,3930,3930,3930,3930,3930,3930,3930,3930,3930,3930,3930,3930,3930,3930,3930,3930,3930,3930,3930,3930,3930,3930,3930,3930,3930,3930,3930,3930,3930,3930,3930,3930,3930,3930,3930,3930,3930,3930,3931,3931,3931,3931,3931,3931,3931,3931,3931,3931,3931,3931,3931,3931,3931,3931,3931,3931,3931,3931,3931,3931,3932,3932,3933,3933,3934,3934,3934,3934,3934,3934,3934,3934,3934,3935,3935,3935,3935,3935,3935,3935,3935,3935,3935,3935,3935,3935,3935,3935,3935,3935,3935,3935,3935,3935,3935,3935,3935,3935,3935,3935,3936,3936,3936,3936,3936,3936,3936,3936,3936,3936,3936,3936,3936,3936,3936,3936,3936,3937,3937,3937,3938,3938,3938,3938,3938,3938,3938,3938,3938,3938,3939,3939,3939,3940,3940,3940,3940,3940,3941,3941,3941,3941,3941,3942,3942,3942,3942,3943,3943,3944,3944,3944,3944,3944,3944,3945,3945,3945,3945,3945,3945,3945,3945,3945,3945,3945,3946,3946,3946,3946,3946,3946,3946,3947,3947,3947,3947,3947,3947,3947,3947,3947,3948,3948,3948,3948,3948,3948,3949,3949,3949,3950,3950,3950,3950,3950,3950,3950,3950,3950,3951,3951,3951,3951,3951,3951,3951,3951,3952,3952,3953,3953,3953,3954,3954,3954,3954,3955,3955,3955,3955,3955,3955,3956,3956,3956,3956,3956,3956,3956,3956,3956,3956,3957,3957,3957,3957,3957,3957,3957,3957,3957,3958,3958,3958,3958,3958,3958,3958,3958,3959,3959,3959,3959,3959,3959,3959,3959,3960,3960,3960,3961,3961,3961,3961,3961,3962,3962,3962,3962,3962,3962,3962,3962,3962,3962,3962,3963,3963,3963
UP,69690110,45,9,4044,4044,4044,4044,4044,4044,4044,4044,4045,4045,4045,4045,4045,4046,4046,4046,4046,4047,4047,4047,4048,4048,4049,4049,4049,4049,4049,4049,4050,4050,4050,4051,4051,4051,4051,4052,4052,4053,4053,4053,4053,4053,4054,4054,4054,4054,4054,4055,4055,4055,4055,4055,4055,4055,4055,4055,4055,4055,4056,4056,4056,4056,4056,4056,4056,4056,4057,4057,4058,4058,4058,4058,4059,4059,3981,3981,3981,3982,3982,3982,3982,3983,3983,3983,3983,3983,3983,4060,4060,4060,4061,4061,4061,3984,3984,3984,3985,3985,3985,3985,3985,3985,3985,3985,3985,3985,3985,3985,3985,3985,3985,3986,3986,3986,3986,3987,3987,3987,3987,3987,3987,3987,3987,3987,3987,3987,3987,3987,3987,3987,3987,3988,3988,3988,3988,3988,3988,3988,3988,3988,3988,3988,3988,3988,3988,3988,3988,3988,3988,3988,3988,3988,3988,3988,3988,3989,3989,3989,3989,3989,3989,3989,3989,3989,3989,3990,3990,3990,3991,3991,3992,3992,3992,3992,3992,3992,3992,3992,3992,3992,3992,3992,3992,3992,3992,3992,3992,3992,3992,3992,3992,3992,3992,3992,3992,3993,3993,3993,3993,3993,3993,3993,3993,3993,3993,3993,3993,3993,3993,3993,3993,3993,3993,3993,3993,3993,3993,3993,3993,3993,3993,3993,3993,3993,3993,3993,3993,3993,3993,3993,3993,3993,3993,3993,3993,3993,3993,3994,3994,3994,3994,3994,3994,3994,3994,3994,3994,3994,3994,3994,3994,3994,3994,3994,3994,3994,3994,3994,3995,3995,3995,3995,3995,3996,3996,3997,3997,3997,3997,3997,3997,3997,3997,4062,4062,4062,4062,4062,4062,4062,4062,4062,4062,4062,4062,4062,4063,4063,4063,4063,4063,4063,4063,4063,4063,4063,4064,4064,4064,4064,4064,4064,4064,4064,4064,4064,4064,4064,4064,4064,4064,4064,4064,4064,4064,4064,4064,4064,4064,4064,4064,4064,4064,4064,4064,4064,4064,4064,4065,4065,4065,4065,4065,4065,4065,4065,4065,4065,4065,4065,4065,4066,4066,4066,4066,4066,4066,4066,4066,4066,4067,4067,4067,4067,4067,4067,4067,4068,4068,4068,4069,4069,4069,4069,4069,4070,4070,4070,4070,4070,4070,4070,4070,4070,4070,4070,4070,4070,4070,4070,4070,4070,4070,4070,4070,4070,4070,4070,4070,4071,4071,4071,4071,4072,4072,4072,4072,4072,4072,4072,4072,4072,4072,4015,4015,4015,4073,4073,4073,4073,4073,4073,4073,4073,4073,4073,4073,4074,4074,4074,4074,4074,4074,4074,4074,4074,4074,4074,4074,4074,4074,4074,4074,4074,4074,4074,4075,4075,4075,4075,4075,4075,4075,4075,4075,4075,4075,4075,4075,4075,4075,4075,4075,4075,4075,4075,4019,4019,4076,4076,4076,4076,4076,4076,4076,4076,4076,4076,4076,4076,4076,4076,4076,4076,4077,4077,4077,4077,4077,4077,4077,4077,4077,4077,4077,4077,4077,4077,4077,4077,4077,4077,4077,4077,4077,4077,4078,4078,4078,4078,4078,4078,4078,4078,4078,4078,4079,4079,4079,4079,4079,4079,4079,4080,4080,4080,4080,4080,4080,4080,4080,4080,4080,4080,4080,4080,4080,4080,4080,4080,4080,4080,4080,4080,4080,4080,4080,4080,4080,4080,4080,4080,4080,4080,4080,4080,4080,4080,4080,4080,4080,4080,4080,4080,4080,4080,4080,4080,4080,4080,4080,4080,4080,4080,4080,4080,4080,4080,4080,4080,4081,4081,4081,4081,4081,4081,4081,4081,4081,4081,4081,4081,4081,4081,4081,4081,4081,4081,4081,4081,4081,4081,4081,4081,4081,4081,4081,4081,4081,4081,4081,4081,4081,4081,4081,4081,4081,4081,4081,4081,4081,4081,4081,4081,4081,4081,4081,4081,4082,4082,4082,4082,4082,4082,4082,4082,4082,4082,4082,4082,4082,4082,4082,4082,4082,4082,4082,4082,4082,4082,4082,4082,4082,4082,4082,4082,4082,4082,4082,4082,4082,4082,4082,4082,4082,4082,4082,4082,4082,4082,4082,4082,4082,4082,4082,4083,4083,4083,4083,4083,4083,4083,4083
DOWN,69690110,45,9,4007,4007,4007,4007,4007,4007,4007,4007,4007,4007,4007,4007,4007,4007,4008,4008,4008,4008,4008,4008,4008,4008,4008,4008,4008,4008,4008,4008,4008,4008,4008,4008,4008,4008,4008,4008,4008,4008,4008,4008,4008,4008,4008,4008,4008,4008,4008,4008,4008,4008,4008,4009,4009,4009,4009,4009,4009,4009,4009,4009,4009,4009,4009,4009,4009,4009,4009,4009,4009,4009,4009,4009,4009,4009,4009,4009,4009,4009,4009,4009,4009,4009,4009,4009,4009,4009,4009,4009,4009,4009,4009,4009,4009,4009,4009,4009,4009,4009,4009,4009,4009,4009,4010,4010,4010,4010,4010,4010,4010,4010,4010,4010,4010,4010,4010,4010,4010,4010,4010,4010,4010,4010,4010,4010,4010,4010,4010,4010,4010,4010,4010,4010,4010,4010,4010,4010,4010,4010,4010,4010,4010,4010,4010,4010,4010,4010,4010,4010,4010,4010,4010,4010,4010,4010,4010,4010,4010,4010,4010,4010,4010,4011,4011,4011,4011,4011,4011,4011,4011,4011,4011,4011,4011,4011,4012,4012,4012,4012,4012,4012,4012,4012,4012,4012,4012,4012,4012,4012,4013,4013,4013,4013,4013,4013,4013,4013,4013,4013,4013,4013,4013,4013,4013,4013,4013,4013,4013,4013,4013,4014,4014,4014,4014,4014,4014,4014,4014,4014,4014,4014,4014,4014,4014,4014,4014,4014,4014,4015,4015,4015,4016,4016,4016,4016,4016,4016,4016,4016,4016,4016,4016,4016,4016,4016,4016,4016,4016,4016,4016,4016,4016,4017,4017,4017,4017,4017,4017,4017,4017,4017,4017,4017,4017,4017,4017,4017,4017,4017,4018,4018,4018,4018,4018,4018,4018,4018,4018,4018,4018,4018,4019,4019,4020,4020,4020,4020,4020,4020,4020,4020,4021,4021,4021,4021,4021,4021,4021,4022,4022,4022,4022,4022,4022,4022,4022,4022,4022,4022,4022,4022,4022,4022,4022,4022,4022,4022,4022,4022,4022,4022,4022,4022,4022,4022,4023,4023,4023,4023,4024,4024,4024,4024,4025,4025,4025,4025,4025,4025,4025,4026,4026,4026,4026,4026,4026,4026,4026,4026,4027,4027,4027,4027,4027,4027,4027,4027,4027,4027,4027,4027,4027,4027,4027,4027,4028,4028,4028,4028,4028,4028,4028,4028,4028,4028,4028,4028,4028,4028,4028,4028,4028,4028,4028,4028,4028,4028,4028,4028,4028,4028,4028,4028,4028,4028,4028,4028,4028,4028,4028,4028,4028,4028,4028,4028,4028,4029,4029,4029,4029,4029,4029,4029,4029,4029,4029,4029,4029,4030,4030,4030,4030,4030,4030,4030,4030,4030,4030,4030,4030,4030,4030,4030,4030,4030,3926,3926,3926,3926,3926,3926,3926,3926,3927,3927,3928,3928,3928,3928,3929,3929,3929,3929,3929,3929,3929,3929,3929,3929,3929,3929,3929,3929,3929,3929,3929,3930,3930,3930,3930,3930,3930,3930,3930,3930,3930,3930,3930,3930,3930,3930,3930,3930,3930,3930,3930,3930,3930,3930,3930,3930,3930,3930,3930,3930,3930,3930,3930,3930,3930,3930,3930,3930,3930,3930,3930,3930,3930,3930,3930,3930,3930,3931,3931,3931,3931,3931,3931,3931,3931,3931,3931,3931,3931,3931,3931,3931,3931,3931,3931,3931,3931,3931,3931,3932,3932,3933,3933,3934,3934,3934,3934,3934,3934,3934,3934,3934,3935,3935,3935,3935,3935,3935,3935,3935,3935,3935,3935,3935,3935,3935,3935,3935,3935,3935,3935,3935,3935,3935,3935,3935,3935,3935,3935,3936,3936,3936,3936,3936,3936,3936,3936,3936,3936,3936,3936,3936,3936,3936,3936,3936,3937,3937,3937,3938,3938,3938,3938,3938,3938,3938,3938,3938,3938,3939,3939,3939,4031,4031,4031,4032,4032,4032,3940,3940,3940,3940,3940,3941,3941,3941,3941,3941,3942,3942,3942,3942,3943,3943,4033,4033,4033,4033,4033,4034,4034,4035,4035,4035,4035,4035,4035,4036,4036,4036,4036,4037,4037,4037,4037,4038,4038,4038,4038,4039,4039,4039,4040,4040,4040,4041,4041,4041,4042,4042,4043,4043,4043,4044,4044,4044,4044,4044,4044,4044,4044
UP,30300021,46,4,2746,2745,2166,2172,2193,2206,2340,2220,2222,2237,2402,2406,2408,2263,2269,2273,2276,2694,2696,2282,2421,2426,2322,2327,2842,2759,2762,2839,2454,2524,2967,2522,2518,2470,2740,2463,2446,2440,2878,2424,2420,2435,2436,2774,2881,2557
DOWN,30300021,46,4,2469,2773,2882,2439,2434,2418,2419,2441,2877,2447,2464,2741,2471,2519,2523,2968,2525,2455,2761,2840,2760,2326,2841,2321,2427,2425,2283,2299,2692,2693,2277,2274,2275,2272,2266,2262,2409,2407,2403,2238,2227,2341,2205,2196,2171,2169,2161,2201,2202
UP,69690111,47,9,4044,4044,4044,4044,4044,4044,4044,4044,4045,4045,4045,4045,4045,4046,4046,4046,4046,4047,4047,4047,4048,4048,4049,4049,4049,4049,4049,4049,4050,4050,4050,4051,4051,4051,4051,4052,4052,4053,4053,4053,4053,4053,4054,4054,4054,4054,4054,4055,4055,4055,4055,4055,4055,4055,4055,4055,4055,4055,4056,4056,4056,4056,4056,4056,4056,4056,4057,4057,4058,4058,4058,4058,4059,4059,3981,3981,3981,3982,3982,3982,3982,3983,3983,3983,3983,3983,3983,4060,4060,4060,4061,4061,4061,3984,3984,3984,3985,3985,3985,3985,3985,3985,3985,3985,3985,3985,3985,3985,3985,3985,3985,3986,3986,3986,3986,3987,3987,3987,3987,3987,3987,3987,3987,3987,3987,3987,3987,3987,3987,3987,3987,3988,3988,3988,3988,3988,3988,3988,3988,3988,3988,3988,3988,3988,3988,3988,3988,3988,3988,3988,3988,3988,3988,3988,3988,3989,3989,3989,3989,3989,3989,3989,3989,3989,3989,3990,3990,3990,3991,3991,3992,3992,3992,3992,3992,3992,3992,3992,3992,3992,3992,3992,3992,3992,3992,3992,3992,3992,3992,3992,3992,3992,3992,3992,3992,3993,3993,3993,3993,3993,3993,3993,3993,3993,3993,3993,3993,3993,3993,3993,3993,3993,3993,3993,3993,3993,3993,3993,3993,3993,3993,3993,3993,3993,3993,3993,3993,3993,3993,3993,3993,3993,3993,3993,3993,3993,3993,3994,3994,3994,3994,3994,3994,3994,3994,3994,3994,3994,3994,3994,3994,3994,3994,3994,3994,3994,3994,3994,3995,3995,3995,3995,3995,3996,3996,3997,3997,3997,3997,3997,3997,3997,3997,4062,4062,4062,4062,4062,4062,4062,4062,4062,4062,4062,4062,4062,4063,4063,4063,4063,4063,4063,4063,4063,4063,4063,4064,4064,4064,4064,4064,4064,4064,4064,4064,4064,4064,4064,4064,4064,4064,4064,4064,4064,4064,4064,4064,4064,4064,4064,4064,4064,4064,4064,4064,4064,4064,4064,4065,4065,4065,4065,4065,4065,4065,4065,4065,4065,4065,4065,4065,4066,4066,4066,4066,4066,4066,4066,4066,4066,4067,4067,4067,4067,4067,4067,4067,4091,4091,4091,4091,4091,4091,4091,4091,4092,4092,4092,4069,4069,4069,4069,4069,4093,4093,4093,4093,4093,4094,4094,4094,4094,4094,4095,4095,4095,4095,4096,4096,4096,4096,4096,4096,4096,4096,4096,4096,4096,4096,4096,4096,4096,4096,4096,4096,4097,4097,4097,4097,4097,4097,4097,4097,4097,4097,4097,4097,4097,4097,4097,4097,4097,4097,4097,4097,4097,4097,4097,4097,4097,4097,4097,4097,4097,4097,4097,4097,4097,4097,4097,4097,4097,4097,4097,4097,4097,4097,4097,4097,4097,4097,4097,4097,4097,4097,4097,4097,4097,4097,4097,4097,4097,4097,4097,4097,4097,4097,4097,4097,4097,4097,4097,4097,4097,4097,4097,4097,4097,4097,4097,4097,4097,4097,4097,4097,4097,4097,4097,4097,4097,4097,4097
DOWN,69690111,47,9,4084,4084,4084,4084,4084,4084,4084,4084,4084,4084,4084,4084,4084,4084,4084,4084,4084,4084,4084,4084,4084,4084,4084,4084,4084,4084,4084,4084,4084,4084,4084,4084,4084,4084,4084,4084,4084,4084,4084,4084,4084,4084,4084,4084,4084,4084,4084,4084,4084,4084,4084,4084,4084,4084,4084,4084,4084,4084,4084,4084,4084,4084,4084,4084,4084,4084,4084,4084,4084,4084,4084,4084,4084,4084,4084,4084,4084,4084,4084,4084,4084,4084,4084,4084,4084,4084,4085,4085,4085,4085,4085,4085,4085,4085,4085,4085,4085,4085,4085,4085,4085,4085,4085,4085,4085,4085,4086,4086,4086,4086,4087,4087,4087,4087,4087,4088,4088,4088,4088,4088,4088,4023,4023,4023,4023,4089,4089,4090,4090,4090,4090,4090,4090,4090,4090,4090,4025,4025,4025,4025,4025,4025,4025,4026,4026,4026,4026,4026,4026,4026,4026,4026,4027,4027,4027,4027,4027,4027,4027,4027,4027,4027,4027,4027,4027,4027,4027,4027,4028,4028,4028,4028,4028,4028,4028,4028,4028,4028,4028,4028,4028,4028,4028,4028,4028,4028,4028,4028,4028,4028,4028,4028,4028,4028,4028,4028,4028,4028,4028,4028,4028,4028,4028,4028,4028,4028,4028,4028,4028,4029,4029,4029,4029,4029,4029,4029,4029,4029,4029,4029,4029,4030,4030,4030,4030,4030,4030,4030,4030,4030,4030,4030,4030,4030,4030,4030,4030,4030,3926,3926,3926,3926,3926,3926,3926,3926,3927,3927,3928,3928,3928,3928,3929,3929,3929,3929,3929,3929,3929,3929,3929,3929,3929,3929,3929,3929,3929,3929,3929,3930,3930,3930,3930,3930,3930,3930,3930,3930,3930,3930,3930,3930,3930,3930,3930,3930,3930,3930,3930,3930,3930,3930,3930,3930,3930,3930,3930,3930,3930,3930,3930,3930,3930,3930,3930,3930,3930,3930,3930,3930,3930,3930,3930,3930,3930,3931,3931,3931,3931,3931,3931,3931,3931,3931,3931,3931,3931,3931,3931,3931,3931,3931,3931,3931,3931,3931,3931,3932,3932,3933,3933,3934,3934,3934,3934,3934,3934,3934,3934,3934,3935,3935,3935,3935,3935,3935,3935,3935,3935,3935,3935,3935,3935,3935,3935,3935,3935,3935,3935,3935,3935,3935,3935,3935,3935,3935,3935,3936,3936,3936,3936,3936,3936,3936,3936,3936,3936,3936,3936,3936,3936,3936,3936,3936,3937,3937,3937,3938,3938,3938,3938,3938,3938,3938,3938,3938,3938,3939,3939,3939,4031,4031,4031,4032,4032,4032,3940,3940,3940,3940,3940,3941,3941,3941,3941,3941,3942,3942,3942,3942,3943,3943,4033,4033,4033,4033,4033,4034,4034,4035,4035,4035,4035,4035,4035,4036,4036,4036,4036,4037,4037,4037,4037,4038,4038,4038,4038,4039,4039,4039,4040,4040,4040,4041,4041,4041,4042,4042,4043,4043,4043,4044,4044,4044,4044,4044,4044,4044,4044
UP,69690112,48,9,4153,4153,4153,4153,4153,4153,4153,4153,4153,4153,4153,4153,4153,4153,4153,4153,4153,4153,4153,4153,4153,4153,4153,4153,4153,4153,4153,4153,4153,4153,4153,4153,4153,4153,4153,4153,4153,4153,4154,4154,4154,4154,4154,4154,4154,4155,4155,4155,4155,4156,4156,4157,4157,4157,4157,4158,4158,4159,4159,4159,4159,4159,4159,4159,4160,4160,4161,4161,4161,4162,4162,4162,4162,4162,4162,4163,4163,4163,4164,4164,4164,4164,4164,4164,4165,4165,4166,4166,4167,4167,4168,4168,4169,4169,4170,4170,4170,4170,4170,4171,4171,4171,4171,4171,4171,4171,4171,4171,4171,4172,4172,4172,4172,4173,4173,4173,4173,4173,4173,4173,4173,4173,4173,4173,4173,4173,4173,4173,4173,4173,4173,4173,4173,4174,4174,4174,4175,4175,4176,4176,4176,4176,4177,4177,4177,4177,4177,4177,4178,4178,4178,4178,4178,4178,4178,4178,4178,4178,4178,4179,4179,4179,4179,4179,4179,4179,4179,4179,4179,4179,4179,4180,4180,4180,4181,4181,4181,4181,4181,4181,4181,4181,4181,4181,4181,4181,4182,4182,4182,4182,4182,4182,4182,4182,4182,4183,4183,4183,4184,4184,4184,4184,4184,4184,4184,4185,4185,4185,4185,4185,4185,4185,4185,4185,4185,4185,4186,4186,4186,4186,4186,4186,4186,4186,4186,4186,4186,4186,4186,4186,4186,4186,4186,4186,4186,4186,4186,4186,4187,4187,4187,4187,4187,4187,4187,4188,4188,4189,4189,4189,4189,4189,4189,4189,4189,4189,4189,4189,4189,4189,4189,4189,4189,4189,4189,4190,4190,4190,4190,4190,4190,4190,4190,4190,4190,4190,4190,4190,4190,4190,4190,4190,4190,4190,4190,4190,4190,4190,4190,4190,4190,4190,4190,4190,4190,4190,4190,4190,4190,4190,4190,4190,4190,4190,4190,4190,4190,4190,4190,4190,4190,4190,4190,4190,4190,4190,4190,4190,4190,4190,4190,4190,4190,4190,4190,4190,4190,4190,4190,4190,4190,4190,4190,4190,4190,4190,4190,4190,4190,4190,4190,4190,4190,4190,4190,4190,4190,4190,4190,4190,4190,4190,4190,4190,4191,4191,4191,4192,4192,4192,4192,4192,4192,4192,4192,4192,4192,4192,4192,4192,4192,4192,4192,4192,4192,4192,4192,4192,4192,4192,4192,4192,4192,4192,4192,4192,4192,4192,4192,4192,4192,4192,4192,4192,4192,4192,4192,4192,4192,4192,4192,4192,4192,4192,4192,4192,4192,4192,4192,4192,4192,4192,4192,4192,4192,4192,4192,4192,4192,4192,4192,4192,4192,4192,4192,4192,4192,4192,4192,4192,4192,4192,4192,4192,4192,4192,4192,4192,4192,4192,4192,4192,4192,4192,4192,4192,4192,4192,4193,4193,4194,4194,4194,4194,4194,4194,4194,4194,4194,4194,4194,4194,4194,4194,4194,4194,4194,4194,4195,4195,4195,4195,4195,4195,4195,4196,4196,4196,4196,4197,4197,4197,4197,4197,4197,4197,4197,4197,4197,4197,4197,4197,4197,4197,4197,4197,4197,4197,4197,4197,4197,4198,4198,4198,4198,4198,4198,4199,4199,4200,4200,4201,4201,4201,4201,4201,4201,4201,4201,4201,4202,4202,4202,4202,4202,4202,4202,4202,4202,4018,4018,4018,4018,4018,4018,4018,4018,4018,4018,4018,4018,4019,4019,4020,4020,4020,4020,4020,4020,4020,4020,4021,4021,4021,4021,4021,4021,4021,4022,4022,4022,4022,4022,4022,4022,4022,4022,4022,4022,4022,4022,4022,4022,4022,4022,4022,4022,4022,4022,4022,4022,4022,4022,4022,4022,4023,4023,4023,4023,4089,4089,4090,4090,4090,4090,4090,4090,4090,4090,4090,4025,4025,4025,4025,4025,4025,4025,4026,4026,4026,4026,4026,4026,4026,4026,4026,4027,4027,4027,4027,4027,4027,4027,4027,4027,4027,4027,4027,4027,4027,4027,4027,4028,4028,4028,4028,4028,4028,4028,4028,4028,4028,4028,4028,4028,4028,4028,4028,4028,4028,4028,4028,4028,4028,4028,4028,4028,4028,4028,4028,4028,4028,4028,4028,4028,4028,4028,4028,4028,4028,4028,4028,4028,4029,4029,4029,4029,4029,4029,4029,4029,4029,4029,4029,4029
DOWN,69690112,48,9,4098,4098,4099,4099,4099,4099,4099,4099,4099,4099,4099,4099,4100,4100,4100,4100,4100,4100,4100,4100,4100,4100,4100,4100,4100,4100,4100,4100,4100,4100,4100,4100,4100,4100,4100,4086,4086,4086,4086,4066,4066,4066,4066,4066,4066,4066,4066,4066,4067,4067,4067,4067,4067,4067,4067,4091,4091,4091,4091,4091,4091,4091,4091,4092,4092,4092,4069,4069,4069,4069,4069,4070,4070,4070,4070,4070,4070,4070,4070,4070,4070,4070,4070,4070,4070,4070,4070,4070,4070,4070,4070,4070,4070,4070,4070,4071,4071,4071,4071,4072,4072,4072,4072,4072,4072,4072,4072,4072,4072,4015,4015,4015,4073,4073,4073,4073,4073,4073,4073,4073,4073,4073,4073,4101,4101,4101,4101,4101,4101,4101,4101,4101,4102,4102,4102,4103,4103,4103,4103,4104,4104,4104,4104,4104,4104,4104,4104,4105,4105,4106,4106,4107,4107,4107,4107,4107,4107,4108,4108,4108,4108,4108,4108,4108,4108,4108,4108,4108,4108,4108,4108,4108,4109,4109,4109,4110,4110,4110,4110,4111,4111,4111,4111,4111,4111,4111,4111,4111,4111,4111,4111,4111,4111,4111,4112,4112,4113,4113,4113,4113,4113,4113,4113,4113,4113,4113,4113,4113,4113,4113,4113,4113,4113,4113,4113,4113,4113,4113,4113,4113,4113,4113,4113,4113,4113,4113,4113,4113,4113,4113,4113,4113,4113,4113,4113,4113,4113,4113,4113,4113,4113,4113,4113,4113,4113,4113,4113,4113,4113,4113,4113,4113,4113,4113,4113,4113,4113,4113,4113,4113,4113,4113,4113,4113,4113,4113,4113,4113,4113,4114,4114,4115,4115,4115,4115,4115,4115,4115,4115,4115,4115,4115,4115,4115,4115,4115,4115,4115,4115,4115,4115,4115,4115,4115,4115,4115,4115,4115,4115,4115,4115,4115,4115,4115,4115,4115,4115,4115,4115,4115,4115,4115,4115,4115,4115,4115,4115,4115,4115,4115,4115,4115,4115,4115,4115,4115,4115,4115,4115,4115,4115,4115,4115,4115,4115,4115,4115,4115,4115,4115,4115,4115,4115,4115,4115,4115,4115,4116,4116,4116,4116,4116,4116,4116,4116,4116,4116,4116,4116,4116,4116,4116,4116,4117,4117,4118,4118,4118,4118,4118,4118,4118,4118,4119,4119,4119,4119,4119,4119,4119,4119,4119,4119,4119,4119,4119,4119,4119,4119,4119,4119,4119,4119,4119,4119,4119,4119,4120,4120,4120,4120,4120,4120,4120,4120,4120,4120,4120,4120,4120,4120,4120,4120,4120,4121,4121,4121,4121,4121,4121,4121,4121,4121,4122,4122,4122,4123,4123,4123,4123,4123,4123,4123,4123,4123,4123,4124,4124,4124,4124,4124,4124,4124,4124,4124,4124,4124,4124,4124,4124,4125,4125,4125,4125,4126,4126,4126,4126,4126,4126,4126,4126,4126,4127,4127,4127,4127,4127,4127,4127,4127,4127,4127,4127,4128,4128,4128,4129,4129,4129,4129,4129,4129,4130,4130,4131,4131,4132,4132,4132,4132,4132,4132,4132,4132,4132,4132,4132,4132,4132,4132,4132,4132,4132,4132,4132,4132,4132,4132,4132,4132,4132,4132,4132,4132,4133,4133,4133,4133,4133,4133,4134,4134,4134,4134,4134,4134,4134,4134,4134,4134,4134,4134,4134,4134,4134,4134,4134,4134,4134,4135,4135,4135,4135,4135,4135,4135,4136,4136,4136,4137,4137,4138,4138,4139,4139,4140,4140,4141,4141,4141,4142,4142,4143,4143,4143,4143,4143,4143,4144,4144,4144,4145,4145,4145,4146,4146,4146,4146,4146,4146,4146,4147,4147,4147,4147,4147,4148,4148,4148,4149,4149,4149,4150,4150,4150,4150,4151,4151,4151,4151,4151,4151,4152,4152,4152,4152,4152,4152,4152,4152,4152,4152,4152,4152,4152,4152,4152,4152,4152,4152,4152,4152,4152,4152,4152,4152,4152,4152,4152,4152,4152,4152,4152,4152,4152,4152,4152,4152
UP,30300004,5,5,3568,3569,3562,3571,3655,3584,3617,3524,3534,3543,3549,3555,3557,3586,3499,3393,2564,1410,1431,1464,1496,1559,1564,2378,2381,1569,1609,1675,1744,1765,1766,1756,1747,3019,3030
DOWN,30300004,5,5,3108,2998,2999,3044,2986,3107,3107,3097,1748,1757,1784,1764,1753,1743,1674,1608,2730,2731,3150,2698,2699,1466,1430,1409,2563,2561,3333,3556,3587,3554,3548,3542,3533,3523,3616,3618,3656,3570,3561,3566,3567
UP,30300063,501,2,593,829,831,765,766,107,111,120,132,171,1162,190,208,243,263,287,320,355,420,432,504,438,457,463,925,513,465,960,962,964,466,467,654,978,976,2550,2551,2890,2957,3106,3132
DOWN,30300063,501,2,3133,2958,2780,2551,2890,2549,2706,977,979,869,965,963,961,478,464,462,924,456,503,431,354,319,286,262,242,207,189,1163,170,135,123,112,106,603,827,828,592
UP,30300064,511,2,1008,1035,971,965,963,961,478,464,460,931,986,930,929,449,1043,431,354,319,286,262,246,493,264,291,292,251,238,232,214,205,624,180,158
DOWN,30300064,511,2,157,181,195,206,215,233,239,252,293,290,267,494,253,263,287,320,355,420,432,443,450,1044,459,926,461,928,987,927,513,465,960,962,970,956,1036
UP,30300065,512,2,1020,11,1027,1076,31,1078,58,487,155,909,177,192,208,243,263,287,638,751,754,322,362,430,1060,1044,943,936,937,938,985,927,513,465,960,962,970,956,3710
DOWN,30300065,512,2,3709,1035,971,965,963,961,478,464,460,939,984,940,941,942,449,1059,1045,361,321,288,749,750,637,286,262,242,207,191,176,910,154,488,59,1079,30,1077,10,1028,0
UP,30300066,513,2,1008,1035,971,965,963,961,478,464,462,924,456,439,425,387,358,327,335,338,329,345,374,1002,1001,433,2175,2179,2188,2199,2241,2640,2900,2868,2872,2468,2886,2332
DOWN,30300066,513,2,2333,2467,2887,2450,2869,2639,2899,2240,2204,2192,2182,2178,2170,1000,376,1003,348,332,342,339,328,359,388,426,440,457,463,925,513,465,960,962,970,956,1036
UP,30300067,514,2,1008,1035,971,965,963,961,478,464,460,931,989,984,951,953,948,934,416,384,363,353,354,319,286,262,246,493,264,265,244,222,211,197,187,178,916,918,2819,1908,1862,1863,1831,1774,1723,1717,3711,2751,1716,1709,1724,1725,1639,1583,1584,1557,1555,1556,1544,1497,1473,1470
DOWN,30300067,514,2,1467,1461,1472,1498,1545,1546,1547,1550,1585,1599,1640,1726,1736,1733,1732,2752,2754,2755,1730,1731,1775,1832,1864,1874,1909,2820,2822,915,179,188,198,212,223,235,245,266,267,494,253,263,287,320,355,360,364,385,417,935,949,952,950,938,988,987,927,513,465,960,962,970,956,1036
UP,30300025,52,4,631,920,263,287,497,311,359,388,426,440,457,454,943,936,937,928,987,927,513,652,837,839,834,833,840,836,651,465,960,962,964,466,467,654,980,982,946
DOWN,30300025,52,4,983,981,979,869,965,963,961,652,837,839,834,833,840,836,651,478,464,460,931,986,946,940,455,456,439,425,387,358,314,498,286,262,919,632,941,942
UP,30300026,60,4,631,229,741,1091,742,184,1162,190,208,243,263,287,320,355,360,364,385,417,419,393,896,895,892,627,883,884,755,898,899,888
DOWN,30300026,60,4,887,897,900,756,883,884,628,891,893,894,390,413,416,384,363,353,354,319,286,262,242,207,189,1163,185,743,1090,744,224,632
UP,30300068,601,2,593,829,831,765,766,107,111,120,132,140,148,3703,3704,911,182,879,878,213,240,269,277,2059,2071,2074,2065,2057,2045,2031,2028,2953,3117,3116,3120
DOWN,30300068,601,2,3043,3039,3040,2954,2029,2032,2047,2058,2066,2075,2076,2062,2056,268,241,234,216,845,846,912,3705,3706,3702,143,135,123,112,106,603,827,828,592
UP,30300069,602,2,593,829,831,765,766,107,111,120,132,140,148,3703,3704,911,182,879,878,197,187,178,916,918,2819,1932,1945,1966,1967,1950,1970,1983,1996,1997,1976,1955,1941,1916,1907,1886,1803,1794,1741,1693,1636,1584,1557
DOWN,30300069,602,2,1557,1582,1583,1637,1694,1742,1795,1804,1887,2654,2655,1942,2907,1956,1977,1986,1998,1995,1982,1969,1949,1968,1965,1948,1931,2820,2822,915,179,188,198,845,846,912,3705,3706,3702,143,135,123,112,106,603,827,828,592
UP,30300070,603,2,3143,3099,3039,3040,2954,2037,2070,2646,2647,2041,2026,1995,1982,1994,2009,2023,2053,2066,2075,2113,2110,2105,2662,2667,2067,318,315,261,293,290,267,494,253,263,287,638,751,754,300,806,804,795,799,634,341,415,419,391,738,865,997,3713
DOWN,30300070,603,2,3712,868,998,2042,737,2644,2645,2648,2649,3142,3022,3116,3117,2953,392,413,414,365,340,635,801,802,282,298,288,749,750,637,286,262,246,493,264,291,292,258,316,317,299,2666,2665,2104,2111,2112,2074,2065,2052,2022,2008,1993,1983,1996,2027,2042,2644,2645
UP,30300071,604,2,3387,3388,3447,3411,3412,1396,1408,1440,1465,1466,1455,1461,1472,1498,1545,1589,1635,1706,1770,1816,1879,1885,1913,1926,1930,1938,1968,1990,2000,2017,2046,268,241,234,216,212,223,235,245,266,297,313,359,388,426,440,503,429,1045,363
DOWN,30300071,604,2,333,362,430,1046,504,438,439,425,387,358,312,296,265,244,222,211,213,240,269,270,2016,1999,1989,1967,1937,1929,1925,1912,1884,1878,1815,1769,1705,1634,1588,1544,1497,1471,1460,1454,1464,2728,2729,1397,2707,3410,3446,3385,3386
UP,30300072,605,2,866,1062,999,995,973,990,221,255,749,750,637,286,262,919,229,741,1091,742,184,168,149,145,108,102,88,76,68,69,596,597,485,79,506,1663,1652,1593,1642,1655,1658,1645,1706,1770,1816,1879,1880,1858,1852,1887,2654,2655,1942,2907
DOWN,30300072,605,2,2816,2811,2953,2001,1918,1916,1907,1886,1853,1859,1881,1878,1815,1769,1705,1671,1672,1670,1641,1597,1653,1667,2356,78,486,599,598,73,70,77,89,103,109,146,150,169,185,743,1090,744,224,920,263,287,638,751,752,254,1158,272,991,996,994,1061,867
UP,30300073,606,2,3387,3390,3392,2939,1400,2942,1402,1397,1403,1410,1431,1455,1461,1472,1498,1513,1511,1553,1595,1597,1653,1667,2356,78,82,92,129,161,177,192,208,243,263,287,320,355,360,333,362,363
DOWN,30300073,606,2,353,354,319,286,262,242,207,191,176,160,128,91,81,79,506,1663,1652,1593,1594,1552,1503,1506,1497,1471,1460,1454,1430,1409,1401,1396,1398,2941,1399,2940,2559,3389,3386,3383,3366,3361,3355,3360,3364,3367,3384
UP,30300074,607,2,1054,1051,649,647,645,643,641,629,721,791,1088,792,788,891,893,894,390,413,416,384,363,353,354,319,286,262,242,207,199,200,172,165,879,182,911,3705,3706,3702,143,135,123,112,106,763,764,832,828,592
DOWN,30300074,607,2,593,829,831,765,766,107,111,120,132,140,148,3703,3704,163,165,879,182,201,202,208,243,263,287,320,355,360,364,385,417,419,393,896,895,892,787,789,1089,790,720,630,642,644,646,648,650,1052,1053
UP,30300130,608,2,2745,2166,2172,2191,2198,2746,2745,2159,2115,2148,2149,2143,2137,2120,376,1003,348,330,306,290,267,494,253,263,287,638,751,752,254,1158,272,991,996,994,1061,867,868,998,737,392,413,935,936,937,951,953
DOWN,30300130,608,2,3897,3898,3899,940,941,934,419,391,738,865,997,866,1062,999,993,990,221,255,749,750,637,286,262,246,493,264,291,303,331,345,374,1002,383,2134,2140,2146,2147,2114,2160,2166,2172,2191,2198,2746
UP,30300027,61,4,868,998,737,415,419,393,896,895,892,627,883,886,885,884,755,758,889
DOWN,30300027,61,4,890,757,756,883,886,885,884,628,891,893,894,390,413,414,365,738,865,997
UP,30300028,61,4,868,998,737,415,419,393,896,895,892,627,883,886
DOWN,30300028,61,4,885,884,628,891,893,894,390,413,414,365,738,865,997
UP,30300075,611,2,3708,907,923,906,1020,9,15,19,34,36,576,577,65,72,599,598,73,70,77,89,103,109,111,120,132,171,1162,190,208,243,263,287,638,751,752,284,806,804,636,341,415,419,393,896,895,892,787,1087
DOWN,30300075,611,2,1086,788,891,893,894,390,413,414,365,340,635,801,802,282,298,288,749,750,637,286,262,242,207,189,1163,170,135,123,112,108,102,88,76,68,69,596,597,71,64,579,578,37,33,18,14,8,0,1019,905,908,922,3707
UP,30300076,612,2,893,894,390,391,415,416,384,430,1046,431,354,319,286,262,246,493,264,297,313,327,335,338,329,345,374,1002,375,2085,2068,2059,2060,2073,2113,2114,2092,2088,2080,2045,2031,2028,2037,2070,2095,2916
DOWN,30300076,612,2,2917,2094,2648,2649,2029,2032,2047,2081,2089,2093,2115,2112,2072,2038,2061,2062,2069,2116,376,1003,348,332,342,339,328,312,296,267,494,253,263,287,320,355,420,432,429,1045,385,417,414,365,393,896,895,392
UP,30300077,613,2,593,601,84,607,613,150,169,1162,190,208,243,246,493,264,291,303,331,345,374,1002,383,2134,2140,2146,2158,2166,2172,2193,2194,2163,2155,2121,2096,2048,2041,2028,2953,2001
DOWN,30300077,613,2,1918,1942,2907,2816,2811,2029,2042,2049,2097,2122,2156,2164,2195,2196,2171,2169,2161,2149,2143,2137,2120,376,1003,348,330,306,290,267,494,253,242,207,189,1163,168,149,612,606,117,83,600,592
UP,30300078,614,2,1020,9,15,19,34,36,576,577,65,72,485,79,98,116,131,161,177,192,208,243,246,493,264,291,303,331,345,346,317,280,268,882,880,2015,2046,277,2054
DOWN,30300078,614,2,2014,2003,2783,881,269,281,318,347,348,330,306,290,267,494,253,242,207,191,176,160,130,115,97,78,486,71,64,579,578,37,33,18,14,8,0
UP,30300079,615,2,1020,9,15,19,34,52,62,67,94,119,134,171,185,743,1090,744,224,920,246,493,264,291,310,337,349,398,399,404,421,1004,428,433,2175,2179,2188,2199,2202,2197,2187,2193,2206,2340,2686,2687,2410,2417,2429
DOWN,30300079,615,2,2691,2412,2684,2685,2341,2205,2196,2191,2198,2203,2204,2192,2182,2178,2170,427,422,1005,407,403,397,352,336,309,290,267,494,253,919,229,741,1091,742,184,170,133,118,93,66,61,51,33,18,14,8,0
UP,30300080,616,2,631,920,263,287,638,751,752,256,741,1091,742,184,170,135,123,112,106,763,764,718,712,54,809,807,571,575,38,26,27,23,18,14,8,11,1027,783,1026,1074,785,1137,1118,567,569,2363,2370,2371,1081,582,1082,1085,58,75,82,92,129,161,177,192,208,243,919,632
DOWN,30300080,616,2,631,920,242,207,191,176,160,128,91,81,74,59,1084,1083,580,1080,589,2369,2364,2362,568,1148,1107,786,1075,781,1025,10,1028,9,15,19,24,28,29,39,574,570,808,810,55,713,719,765,766,107,111,120,132,171,185,743,1090,744,257,749,750,637,286,262,919,632
UP,30300081,617,2,593,594,714,712,590,585,583,807,571,575,38,26,27,23,18,14,547,553,563,573,576,577,65,72,485,79,506,1663,1722,1775,1832,1833,1829,2757,2756,1826,1820,1879,1880,1858,1852,1887,2654,2655,1917,2002,2954,2029,2032,2047,2043,2053
DOWN,30300081,617,2,2057,2045,2031,2028,2953,2001,1918,1916,1907,1886,1853,1859,1881,1878,1835,1834,1838,1839,1836,1831,1774,1721,1667,2356,78,486,71,64,579,578,572,562,552,548,15,19,24,28,29,39,574,570,808,584,586,591,713,715,595,592
UP,30300082,618,2,893,894,390,413,935,949,952,950,946,930,929,449,1043,504,438,441,436,411,399,3714,3715,451,446,1000,376,1003,346,317,280,270,2016,1999,1989,1967,1937,1929,1925,1910,1903,1868,1818,1771,1714,1645,1634,1588,1544,1513,1511,1515,2343,2852,2920,2854,2923
DOWN,30300082,618,2,2925,2921,2342,1499,1503,1506,1545,1589,1635,1671,1715,1772,1819,1869,1904,1911,1926,1930,1938,1968,1990,2000,2017,2046,281,318,347,374,1002,1001,447,452,453,403,418,437,442,503,443,450,1044,459,926,461,947,951,953,948,934,419,393,895,896
UP,30300083,619,2,893,894,390,413,414,365,340,635,801,802,282,298,322,362,430,1046,504,438,441,436,411,399,404,421,1004,428,433,2175,2179,2188,2199,2202,2197,2187,2173,2151,2144,2126,2100,2080,2045,2040,2644,2645
DOWN,30300083,619,2,2648,2649,2029,2032,2047,2081,2101,2127,2145,2152,2174,2191,2198,2203,2204,2192,2182,2178,2170,427,422,1005,407,403,418,437,442,503,429,1045,361,321,300,806,804,636,341,415,419,393,896,895
UP,30300029,62,4,868,998,737,340,635,801,802,282,298,288,256,224,920,263,287,320,355,360,364,385,417,419,393,896,895,892,787,789,1089,790,720,608,1031,544,546
DOWN,30300029,62,4,545,1058,1147,1056,1032,721,791,1088,792,788,891,893,894,390,413,416,384,363,353,354,319,286,262,919,229,257,289,300,806,804,636,341,738,865,997
UP,30300084,620,2,1008,1035,971,965,963,961,478,464,462,924,456,441,436,409,381,336,309,290,265,244,490,210,202,189,1163,168,149,612,606,117,83,600,594,714,712,759,760,56,47,27,23,18,14,8,0
DOWN,30300084,620,2,1020,9,15,19,24,28,48,57,761,762,713,715,595,601,84,607,613,150,169,1162,190,199,209,489,235,245,266,291,310,337,382,410,437,442,457,463,925,513,465,960,962,970,956,1036
UP,30300030,63,4,631,229,741,1091,742,184,1162,190,208,243,263,287,320,355,360,364,385,417,419,393,896,895,892,787,1087,1116,790,722,723,720,608,1031,1155
DOWN,30300030,63,4,1156,609,1032,721,722,723,791,1146,1086,788,891,893,894,390,413,416,384,363,353,354,319,286,262,242,207,189,1163,185,743,1090,744,224,632
UP,93000039,655,7,4155,4156,4157,4159,4161,4162,4308,4309,4310,4311,4312,4313,4314,4315,4316,4317,4318,4319,4320,4321,4322,4323,4324,4325,4326,4327,4328,4329,4330,4330,4330,4331,4331,4331,4332,4333,4334,4335,4336,4337,4338,4339,4340,4341,4342,4343,4344,4345,4346,4347,4348,4349,4350,4351,4352,4353,4353,4353,4354,4355,4381,4357,4358,4359,4362,4382,4382,4383,4384,4366,4366,4366,3790,3790,3791,3791,4367,4368,4369,4369,4370,4370,4371,4371,4372,4372,4373,4374,4374,4375,4375
DOWN,93000039,655,7,4155,4156,4157,4158,4159,4161,4162,4308,4309,4310,4311,4312,4313,4314,4315,4316,4317,4318,4319,4320,4321,4322,4323,4324,4325,4326,4327,4328,4329,4330,4330,4330,4331,4331,4331,4332,4333,4334,4335,4336,4337,4338,4339,4340,4341,4342,4343,4344,4345,4346,4347,4348,4349,4350,4351,4352,4353,4353,4353,4354,4355,4356,4357,4358,4359,4360,4361,4362,4363,4363,4363,4364,4364,4365,4365,4366,4366,4366,3790,3790,3791,3791,4367,4368,4369,4369,4370,4370,4371,4371,4372,4372,4373,4374,4374,4375,4375,4376,4377,3778,3778,3778,4378,4378,4379,4379,4380
UP,30300141,66,4,593,829,830,605,90,1112,1141,1145,867,868,998,737,415,419
DOWN,30300141,66,4,413,391,738,865,997,866,1115,1111,1142,85,604,827,828,592
UP,93000205,661,7,4616,4617,4618,4619,4609,4610,4611,4620,4621,4622,4623,4624,4625,4626,4627,4628,4629,4630,4631
DOWN,93000205,661,7,4590,4591,4592,4593,4594,4595,4596,4597,4598,4599,4600,4601,4602,4603,4604,4605,4606,4607,4608,4609,4610,4611,4612,4613,4614,4615,4359
UP,93000211,691,7,4616,4617,4618,4619,4620,4621,4622,4623,4641,4642,4643,4644,4645,4646,4647,4648
DOWN,93000211,691,7,4592,4593,4594,4595,4632,4633,4634,4635,4636,4637,4638,4639,4640,4606,4607,4608,4613,4614,4615,4359
UP,30300086,701,2,3437,1042,1039,1012,1063,3636,3601,703,700,696,692,683,3508,730,470,1022,674,680,685,691,521,526,531,533,539,907,923,906,1020,9,15,19,34,52,62,67,77,89,103,109,111,120,132,171,185,743,1090,744,224,920,246,493,264,291,310,337,339
DOWN,30300086,701,2,328,312,296,267,494,253,919,229,741,1091,742,184,170,135,123,112,108,102,88,76,66,61,51,33,18,14,8,0,1019,905,908,922,538,532,530,525,520,684,679,673,847,1021,848,729,3519,693,697,701,702,921,3602,3642,1013,1040,1041,1010
UP,30300087,703,2,1179,1181,663,661,670,676,516,517,688,698,705,529,533,539,907,923,906,1020,11,1027,1076,31,1078,58,75,79,506,1663,1652,1593,1642,1713,1768,1828,1829,2757,2756,1826,1820,1879,1885,1913,1926,1930,1938,1968,1979,1992,2009,2023,2044,2081,2101,2127,2145,2152,2174,2193,2206,2340,2686,2687,2410,2417,2429
DOWN,30300087,703,2,2691,2412,2684,2685,2341,2205,2196,2173,2151,2144,2126,2100,2080,2043,2022,2008,1991,1978,1967,1937,1929,1925,1912,1884,1878,1835,1834,1838,1839,1827,1767,1712,1641,1597,1653,1667,2356,78,74,59,1079,30,1077,10,1028,0,1019,905,908,922,538,532,528,704,699,871,870,706,707,669,662,1180,1177
UP,30300088,704,2,2843,2841,2323,2316,2421,2426,2566,2565,2404,2589,2588,2583,2962,2577,2570,2573,2574,2845,2621,3717,2847,3148,2928,2386,2944,1748,1757,1784,1764,1753,1743,1674,1608,1558,1519,2894,2942,1402,1397,2707,3410,3382,3333,3556,3589,3594,3606,3604,3554,3548,3542,3538,3539,3578,3579,3518,3508,730,470,1022,663,661,670,671,874
DOWN,30300088,704,2,875,668,669,662,847,1021,848,729,3515,3522,3528,3536,3537,3543,3549,3555,3603,3605,3595,3590,3586,3499,3381,3411,3412,1396,1398,2941,1404,1520,2893,1562,1609,1675,1744,1765,1766,1756,1747,2943,2387,2619,3149,2929,3716,2620,2575,2846,2576,2571,2578,2961,2584,2585,2590,2405,2567,2568,2427,2425,2317,2320,2327,2842,2759,2762
UP,30300089,705,2,1179,1181,663,661,659,660,670,676,516,517,688,698,522,520,684,679,673,847,1021,848,729,3519,731,732,701,702,921,3602,3635,3608,3624,3605,3596,3610,3627,3628,3591,3397,3441,3336,3371,3454,3375,3453,3391,1407,4,1432,1434,2977,1435,1455,1461,1472,1498,1545,1589,1635,1706,1770,1788,2749,2750,1838,1839,1836,1837,1861,1909,2820,2822,915,179,188,198,212,223,490,210,202,208,243,919
DOWN,30300089,705,2,920,242,207,199,209,489,222,211,197,187,178,916,918,2819,1908,1860,1830,1833,1829,2757,2756,1826,1820,1815,1769,1705,1634,1588,1544,1497,1471,1460,1454,1438,2978,1439,1433,1420,1,2558,3380,3374,3414,3413,3398,3440,3438,3629,3626,3597,3611,3606,3625,3639,3623,3609,3607,3600,3636,3601,703,700,733,734,683,3508,730,470,1022,674,680,685,521,523,699,871,870,706,707,669,659,660,662,847,1178
UP,30300090,706,2,3143,3099,3126,3046,2992,2993,3001,2991,2390,2950,1764,1753,1743,1674,1608,1617,1625,1627,1633,1629,1598,1599,1600,1601,1635,1706,1770,1816,1879,1885,1913,1926,1925,1910,3700,1905,1906,2337,1863,1831,1774,1721,1667,2356,78,486,599,598,73,70,66,61,51,33,18,14,8,0
DOWN,30300090,706,2,1020,9,15,19,34,52,62,67,68,69,596,597,485,79,506,1663,1722,1775,1832,1864,2336,1897,1898,3701,1911,1912,1884,1878,1815,1769,1705,1634,1590,1580,1583,1586,1630,1631,1626,1621,1615,1609,1675,1744,1765,2949,2391,3071,3081,3073,3072,3124,3048,3022,3142
UP,30300118,71-1,4,892,627,755,898,899,888,887,536,664,658,670,676,516,517,1169,1171,518,706,709,711
DOWN,30300118,71-1,4,710,708,707,669,657,665,537,888,887,897,900,756,628,891
UP,30300119,71-2,4,888,887,536,664,658,670,676,516,517,1169,1171,518,706,709,711
DOWN,30300119,71-2,4,710,708,707,669,657,665,537,888,887
UP,30300091,711,2,1179,1181,663,661,657,667,668,676,516,517,688,698,705,529,533,539,907,923,906,1020,9,547,553,563,573,576,777,778,598,105,479,161,177,192,208,243,246,493,264,297,313,314,498,638,751,752,256,224
DOWN,30300091,711,2,229,257,749,750,637,497,311,312,296,267,494,253,242,207,191,176,160,480,110,104,596,775,776,578,572,562,552,548,8,0,1019,905,908,922,538,532,528,704,699,871,870,706,707,671,666,658,662,1180,1177
UP,30300092,712,2,1010,3436,3401,3438,3629,3626,3597,3611,3606,3634,3631,3539,3578,3579,3527,697,701,472,704,522,520,684,679,673,663,661,670,676,516,517,1169,656,823
DOWN,30300092,712,2,824,820,518,706,707,669,662,674,680,685,691,521,523,705,471,700,696,694,3522,3528,3536,3632,3633,3605,3596,3610,3627,3628,3591,3402,3403,3437
UP,30300032,72,4,3648,3644,3622,3620,3617,3524,3534,3538,3539,3578,3579,3518,3508,730,470,1022,674,680,685,690,871,870,706,707,669,657,665,515
DOWN,30300032,72,4,3688,664,658,670,676,516,517,688,689,684,679,673,847,1021,848,729,3515,3522,3528,3536,3537,3533,3523,3616,3619,3621,3649
UP,30300099,73,4,3721,3722,3723,3692,3568,3569,3562,3501,3572,3573,3534,3538,3539,3578,3579,3518,3508,730,470,1022,663,661,657,665,515
DOWN,30300099,73,4,3688,664,658,662,847,1021,848,729,3515,3522,3528,3536,3537,3533,3574,3575,3500,3561,3566,3567,3565,3718,3719,3720
UP,30300034,74,4,9,547,549,12,10,1028,0,1019,905,908,922,540,535,1067,1047,1153,1072,1152,1048,542
DOWN,30300034,74,4,541,535,1151,1073,1154,534,1066,1048,1157,907,923,906,1020
UP,30300035,75,4,876,875,668,669,662,847,1021,848,729,3515,3522,3528,3536,3537,3533,3574,3575,3500,3561,3566,3567,3565,3693,3694,3695
DOWN,30300035,75,4,3689,3690,3691,3692,3568,3569,3562,3501,3572,3573,3534,3538,3539,3578,3579,3518,3508,730,470,1022,663,661,670,671,874,877
UP,30300093,802,2,3568,3569,3562,3501,3572,3573,3534,3543,3549,3555,3603,3605,3596,3610,3627,3628,3591,3397,3441,3336,3371,3454,3375,3453,3391,1407,508,782,781,1025,1076,31,1078,58,75,486,599,598,73,70,94,119,134,135,123,112,146,150,169,1162,190,208,243,246,493,264,297,313,314,498,320,355,501,386,394,408,1176,1173
DOWN,30300093,802,2,1174,1175,1172,412,402,389,502,354,319,497,311,312,296,267,494,253,242,207,189,1163,168,149,145,111,120,132,133,118,93,68,69,596,597,485,74,59,1079,30,1077,783,1026,784,507,1,2558,3380,3374,3414,3413,3398,3440,3438,3629,3626,3597,3611,3606,3604,3554,3548,3542,3533,3574,3575,3500,3561,3566,3567
UP,30300094,911,2,3387,3388,3447,3411,3412,1396,1398,2941,1404,1520,2893,1561,1571,2634,2635,1757,1784,1807,2948,1814,1848,1845,1799,1704,1627,1633,1629,1598,1599,1640,1726,1801,1811,1821,1835,1834,1838,1872,1896,1905,1906,2337,1863,1831,1774,1721,1652,1593,1594,1552,1503,1506,1497,1471,1460,1454,1438,2978,1439,2852,2920,2854,2923
DOWN,30300094,911,2,2925,2921,1434,2977,1435,1455,1461,1472,1498,1513,1511,1553,1595,1597,1653,1722,1775,1832,1864,2336,1897,1898,1895,1871,2757,2756,1826,1820,1817,1810,1800,1725,1639,1583,1586,1630,1631,1626,1703,1797,1846,1847,2733,2947,2732,1766,1756,2632,2633,1570,1560,1519,2894,2942,1402,1397,2707,3410,3446,3385,3386,3383,3366,3361,3355,3360,3364,3367,3384
UP,30300095,916,2,2746,2745,2166,2172,2193,2206,2209,2244,2245,2339,2124,2094,2648,2649,2029,2032,2047,2043,2022,2008,1991,1978,1965,1948,1931,1908,1860,1830,1831,1774,1723,1717,3711,2751,1716,1709,1724,1725,1639,1583,1584,1557,1555,1556,1544,1500,1507
DOWN,30300095,916,2,1508,1509,1478,1479,1498,1545,1546,1547,1550,1585,1599,1640,1726,1736,1733,1732,2752,2754,2755,1730,1731,1775,1832,1837,1861,1909,1932,1945,1966,1979,1992,2009,2023,2044,2045,2031,2028,2037,2070,2095,2125,2338,2254,2243,2208,2205,2196,2171,2169,2161,2201,2202
UP,30300096,918,2,3437,1011,3626,3597,3611,3595,3590,3586,3499,3378,3377,3379,3453,3391,2560,2564,1410,1431,1455,1461,1472,1498,1545,1589,1605,1603,1604,1602,1597,1653,1722,1775,1832,1833,1829,2757,2758
DOWN,30300096,918,2,2753,2829,2831,2750,1838,1839,1836,1831,1774,1721,1652,1593,1596,1591,1592,1587,1588,1544,1497,1471,1460,1454,1430,1409,2563,2562,2558,3380,3376,3373,3333,3556,3589,3594,3596,3610,3627,3630,1010
UP,93000077,990,7,4329,4330,4330,4330,4331,4331,4331,4332,4414,4414,4414,4415,4415,4415,4416,4416,4417,4417,4417,4418,4418,4418,4419,4419,4419,4420,4420,4420,4421,4422,4422,4422,4423,4423,4423,4424,4424,4424,4425,4425,4425,4426,4426,4426,4427,4427,4427,4428,4428,4428,4429,4429,4430,4430,4430,4431,4431,4431,4432,4353,4353,4353,4433,4433,4433,4434,4434,4434,4435,4435,4435,4436,4436,4436,4382,4382,4437,3788,4366,4366,4366,3789,3790,3790,3791,3791,3792,3792,3793,3793,3794,3794,3795,3795,3796,3796,3797,3798,3799,3800,3801,3802,3803,3804,3805,3806,3807,3808,3809,3810,3811,3812,3813,3814,3815,3816,3817,3818,3819,3820,3821,3822,3823,3824,3825,3826,3827,3828,3829,3830,3831,3832,3833,3834,3835,3729,3730
DOWN,93000077,990,7,3728,3732,4385,3733,3734,3735,3736,3737,3738,3739,3740,3741,3742,3743,3744,3745,3746,3747,3748,3749,3750,3751,3752,3754,3755,3756,3757,3758,3759,3760,3761,3762,3763,3764,3765,3766,3767,3768,3769,3769,3770,3770,3771,3771,3772,3773,3773,3774,3774,3775,3775,3776,3776,3777,3777,3778,3778,3778,3779,4386,4387,4387,4387,4388,4388,4388,4389,4389,4389,4390,4390,4390,4391,4391,4391,4392,4392,4392,4393,4393,4393,4394,4394,4394,4395,4395,4395,4396,4396,4396,4397,4397,4397,4398,4398,4398,4399,4399,4400,4400,4400,4401,4401,4401,4402,4402,4402,4403,4403,4403,4404,4404,4404,4405,4405,4405,4406,4406,4406,4407,4407,4407,4408,4408,4408,4409,4409,4409,4410,4410,4410,4411,4412,4412,4412,4413,4413,4329
